	SRR23389262_bracken_species	SRR23389263_bracken_species	SRR23389264_bracken_species	SRR23389265_bracken_species	SRR23389266_bracken_species	SRR23389267_bracken_species	SRR23389268_bracken_species	SRR23389269_bracken_species	SRR23389270_bracken_species	SRR23389272_bracken_species	SRR23389273_bracken_species	SRR23389274_bracken_species	SRR23389275_bracken_species	SRR23389276_bracken_species	SRR23389277_bracken_species	SRR23389278_bracken_species	SRR23389279_bracken_species	SRR23389280_bracken_species	SRR23389281_bracken_species	SRR23389283_bracken_species	SRR23389284_bracken_species	SRR23389285_bracken_species	SRR23389291_bracken_species	SRR23389292_bracken_species	SRR23389293_bracken_species	SRR23389294_bracken_species	SRR23389295_bracken_species	SRR23389297_bracken_species	SRR23389298_bracken_species	SRR23389299_bracken_species
418240	47149	47300	10663	49896	17206	22947	21552	18667	56848	12507	20056	19625	29821	72142	28455	35172	54295	72441	25343	29342	29763	41864	14335	10592	19962	6720	33262	33940	40449	23680
2479767	4178	5558	837	15555	2764	17649	516	3103	11871	585	8927	1923	6920	6546	2584	4231	15478	1509	10337	11933	831	1656	3154	1868	12715	7803	4926	5147	7216	2826
2877527	239	271	86	267	237	240	26	61	770	583	221	779	294	223	471	480	1141	382	267	215	729	495	549	261	329	395	644	623	416	255
40520	4098	8085	3933	17809	3335	3867	657	6938	14863	1562	9213	4019	8682	15713	21013	12055	7376	3610	11988	5775	2831	5608	2677	3714	6367	2101	5876	3164	7420	11858
1796616	384	446	184	392	388	298	36	129	792	134	405	505	415	396	400	617	505	659	384	662	297	587	505	657	434	282	444	578	352	277
33035	360	513	155	511	536	398	22	157	729	452	297	1153	398	440	586	558	771	631	423	433	325	714	831	535	1041	221	714	614	368	308
1912897	301	429	181	324	269	322	33	111	807	994	311	1649	420	329	1738	571	810	657	370	612	249	1205	1360	343	735	499	959	705	423	207
1322	296	662	167	413	540	357	16	97	644	966	324	2458	318	337	3041	589	786	3464	372	1278	1816	1985	1130	464	1246	291	838	3829	453	266
2779518	222	266	65	90	144	169	10	50	261	64	175	210	206	227	201	451	98	136	152	169	71	209	154	182	256	89	425	203	180	143
39485	27567	12583	17775	155	8489	29592	16	658	2334	122	22203	8477	3779	1912	3517	1314	3608	7943	3763	2192	6036	8927	10448	9867	3678	2245	6126	6035	11715	10050
2763672	27089	16063	2063	7049	1455	14299	40	994	7993	314	7966	3058	12702	2374	4116	12142	4243	14168	4189	1086	2294	1725	3823	3619	4436	902	1139	1804	4620	18703
166486	13016	4680	22542	4584	4631	4494	184	1938	21953	1205	7077	9361	11821	3617	7880	6538	10626	3690	4538	8723	5905	24138	4554	4557	70503	20264	6198	6779	4089	4583
301301	1811	2723	1046	1113	1677	3931	219	737	4243	455	4199	2456	3550	1783	2930	3252	1319	3687	2704	2066	1279	3054	1599	6664	2068	2040	3588	2729	4005	2414
2763062	1436	1066	1193	550	852	1075	43	446	4339	356	1556	1402	1864	685	882	1371	1031	788	4188	1471	841	2973	3926	1437	3854	1982	1919	1320	642	892
39488	11593	5918	4056	8541	5960	6772	146	4077	12536	434	6694	2135	7202	10997	8969	7889	2186	8555	6273	5162	2752	6956	932	3772	7573	953	5380	3652	9145	4502
410072	8812	6386	2606	4339	7482	840	465	3714	4649	1191	5649	1391	3965	8135	22449	3057	2010	12145	6490	6649	774	8921	1209	1982	4348	4241	1526	1334	2466	5723
116085	1077	2268	1574	4263	801	956	122	1003	6693	585	2942	1033	2492	4311	2524	3585	778	1436	2852	1071	1044	3129	746	1912	1401	1194	951	1944	2792	1775
33043	665	506	120	226	208	347	62	84	675	134	502	856	852	1350	1468	937	423	218	1104	415	147	512	293	359	436	130	304	477	46842	626
751585	261	465	162	667	202	248	10	140	693	59	398	886	1924	7656	6902	738	168	134	1700	302	216	276	142	338	180	185	298	410	3212	2499
649756	8314	17753	5492	40007	1746	28391	137	3238	28113	3260	4158	29742	3307	35256	23443	5815	37622	9069	4570	6542	5747	18289	2077	1493	3323	20784	13667	3777	12575	1466
105841	77	111	35	104	75	109	6	31	160	78	95	164	102	71	83	121	98	95	136	146	100	141	238	154	98	66	167	184	135	72
1229621	55	83	28	59	51	78	2	32	154	64	85	137	78	58	108	115	95	72	100	130	55	133	104	79	123	48	97	108	70	53
33038	5534	1987	1815	2671	2054	3832	286	1387	4711	35781	2115	19813	2079	2668	8897	3525	13033	6084	1654	3773	2555	3971	25872	4874	5117	7597	10783	15689	1829	1369
33039	1087	18390	10617	2223	646	1245	168	4444	18784	57186	1425	7530	3732	19920	12098	1483	958	1092	8744	10317	16209	32794	856	15029	1802	6819	2134	20019	4917	8183
46228	607	991	282	705	466	4554	49	3121	20421	955	1131	710	6096	9255	966	5763	482	17992	4550	8753	509	10317	692	630	656	450	924	779	10242	7573
88431	2342	11865	8061	12286	1323	1607	431	7395	20526	1935	14652	11932	12583	10488	12968	10303	1607	2164	9273	11606	11789	8928	7711	8681	7050	1210	2691	3902	7779	6007
39486	1666	3683	3157	3404	591	3348	109	1188	3983	715	2810	1145	3869	2971	3320	2295	680	3331	4727	2501	453	4132	3063	3382	2669	4605	1102	1344	2393	1630
29347	1000	978	674	1137	1998	710	98	267	2457	1600	1087	1415	743	807	1242	1046	2600	1138	588	1118	584	1356	1995	1134	1090	722	8990	1377	889	683
89153	222	282	77	271	140	173	12	37	271	263	146	237	138	214	249	190	150	227	205	181	149	264	317	132	186	95	590	205	260	95
1871021	222	182	70	168	126	157	30	68	348	130	253	435	252	221	447	359	229	255	201	181	116	291	239	159	275	209	315	273	287	137
66219	57	55	16	43	48	41	4	26	142	30	87	63	146	44	60	79	56	26	100	64	37	96	104	53	45	62	102	69	87	57
208479	764	484	310	1088	1652	644	90	322	597	863	372	4152	341	697	1007	1178	3562	1348	471	1276	1551	1087	3369	935	891	482	2742	1099	1087	285
333367	391	252	148	672	333	188	39	162	514	269	383	527	239	675	543	564	754	516	261	475	651	1048	500	285	479	150	468	361	860	232
1531	228	420	161	322	219	322	43	117	412	451	293	582	243	233	412	297	458	264	236	328	203	447	308	375	658	249	559	546	510	179
45851	488	782	141	239	499	385	4	152	877	107	684	746	720	294	298	683	277	393	893	474	250	635	370	322	766	475	421	691	444	411
831	154	244	41	99	89	167	19	44	375	50	202	361	201	78	141	296	180	53	258	182	80	186	137	155	123	90	173	226	164	137
43305	112	197	61	62	70	102	2	37	298	24	160	417	196	85	95	247	132	69	178	147	52	191	73	157	99	75	114	184	99	129
185008	105	219	50	60	68	78	14	38	306	27	184	372	188	49	79	314	123	62	194	163	78	199	85	154	89	98	133	251	103	117
2763670	510	589	149	187	275	5582	18	753	666	140	520	727	9849	4272	2180	19852	419	412	1916	436	140	649	710	303	582	548	363	661	15300	3560
84030	256	412	188	311	108	361	51	61	446	108	321	177	265	142	216	260	280	229	311	208	215	263	189	554	518	92	648	399	199	607
29375	127	119	44	61	93	119	16	62	200	118	146	210	135	69	103	191	139	100	159	143	103	200	135	102	159	87	173	150	103	84
29370	123	107	38	75	84	120	10	52	153	122	100	160	134	71	135	183	134	114	115	133	90	180	137	116	162	108	162	105	99	86
168384	314	376	101	288	246	261	77	108	564	132	303	379	320	425	432	406	205	366	320	280	133	376	210	225	665	179	462	266	479	284
1653434	302	182	306	181	2100	632	24	182	323	354	188	1189	215	235	1224	308	274	177	221	258	157	307	328	160	262	114	590	273	235	193
2696063	79	94	31	53	49	57	10	27	121	73	100	81	114	54	92	115	89	72	136	87	47	124	97	65	100	51	138	103	80	58
1727145	73	61	25	50	37	54	3	24	127	48	88	90	131	41	78	83	54	46	126	84	44	126	86	61	89	37	94	76	77	65
433286	74	101	37	41	61	52	2	29	117	51	94	134	97	42	52	117	67	35	98	81	41	123	105	59	106	37	108	100	78	56
3039116	62	97	30	63	48	77	5	11	147	42	87	135	108	44	95	156	68	46	107	85	57	129	83	70	84	55	115	130	91	68
2068655	281	409	63	141	139	169	16	42	398	61	217	266	241	227	218	417	95	155	183	154	80	213	114	214	215	114	462	223	281	227
185007	197	522	131	71	166	200	3	95	621	54	387	1057	503	127	107	940	335	106	251	367	136	364	180	409	166	158	183	460	177	260
2490855	104	120	36	77	81	81	12	43	247	86	148	162	137	71	136	207	143	102	146	123	55	227	111	92	180	80	119	157	100	122
617123	70	113	34	50	43	38	3	33	144	23	105	114	128	40	65	140	78	23	104	82	49	133	57	84	66	32	69	126	62	42
2763667	156	305	126	309	264	179	9	113	616	75	252	548	302	275	435	385	422	509	228	222	87	427	298	252	322	164	460	387	407	283
2763669	79	173	46	199	67	152	16	30	186	80	97	99	166	121	192	153	80	122	173	102	77	194	105	100	226	99	183	203	237	182
2709410	79	92	25	52	31	58	4	27	125	15	86	63	132	101	102	89	37	54	102	61	51	77	49	50	56	49	94	65	169	86
1679721	37	29	3	27	38	42	5	14	81	19	60	59	75	29	36	73	23	28	75	40	26	60	27	32	52	34	66	45	54	28
2929492	9970	1806	1754	3162	17414	432	305	705	2218	29	4133	105	1489	2231	1290	4260	589	681	11530	528	9565	439	128	468	139	131	10483	2335	1190	13687
2929494	8302	1681	2023	2928	4696	499	348	786	2095	27	4841	71	1393	1521	1085	5442	251	501	7241	665	8439	388	134	667	330	98	9697	2574	925	13421
2929488	4462	787	1345	1609	1724	421	179	308	854	98	5848	296	1021	1147	699	4559	272	264	2954	348	4339	392	141	378	150	73	4540	1241	543	5914
2929489	2158	1045	571	860	914	642	182	218	1500	75	5542	147	1403	1910	4656	1562	414	732	1447	3315	6286	322	88	752	109	105	1662	1453	1124	1429
2929491	1070	1104	2629	1928	1166	1226	200	701	1950	21	2267	56	2282	1209	2073	2998	286	212	4030	284	4541	252	73	522	63	63	2260	577	804	1902
2929493	928	6237	688	824	701	396	148	271	1081	37	1253	75	1706	6998	1076	1523	382	438	5651	433	981	404	133	339	127	87	1390	458	1046	7286
2929495	1049	1091	8976	7113	2751	4398	627	1697	3433	39	4325	56	6003	1779	5351	4519	365	426	5905	437	1350	208	105	388	121	62	3230	616	1208	4228
2929490	625	704	675	628	445	310	107	129	1131	6	2563	35	831	985	2886	1093	292	270	1056	2032	3874	175	65	649	203	38	780	1032	817	1132
853	18970	23233	40949	33118	29297	22953	10750	12245	45769	579	52471	916	21284	23465	67815	37828	39327	49872	33932	30523	44216	3168	1104	7124	2046	1106	38011	13311	55938	36344
411483	1072	1173	519	588	729	316	145	156	1823	93	5249	207	1524	2541	5040	1786	231	255	1717	4192	7261	314	236	895	1684	93	1105	1585	955	1020
1160721	16763	93	94	253	72	118	3	383	4020	24	18608	249	3416	3289	172	527	153	41	5029	190	75	100	37	68	61	41	239	147	368	1914
2564099	899	40	40	524	82	110	45	52	323	6	54	161	177	47	58	882	289	39	99	283	20	65	34	31	739	26	209	162	475	1714
1161942	473	56	97	78	84	105	4	74	179	9	574	20	239	302	315	419	75	69	409	25	37	95	54	41	55	8	41	39	458	576
438033	91	207	34	182	108	116	6	37	302	58	176	180	184	113	177	184	123	130	135	106	61	191	104	95	211	92	191	135	178	101
2714355	894	940	131	3203	89	516	25	343	2573	26	3279	47	2060	4141	1776	5722	79	5814	1490	159	497	4737	130	837	493	448	274	315	9356	2509
2714353	523	332	278	727	49	182	12	77	1178	10	1745	92	927	2164	419	2770	146	326	1236	140	301	346	217	250	339	60	136	71	6988	1121
292800	904	566	718	2481	3811	628	93	331	881	493	1270	1003	941	1987	1479	2130	1637	1882	635	6186	4052	6439	2306	679	1861	2934	3410	1665	2549	1202
1550024	750	400	350	1994	316	212	33	71	543	60	826	243	585	848	969	2408	389	1416	335	1116	124	1353	494	884	578	206	369	231	2934	342
169435	564	156	145	1684	137	232	41	97	857	97	359	131	285	607	453	597	811	418	325	920	160	1084	188	241	586	193	1056	641	791	464
2093857	353	469	1053	4311	290	435	20	168	2396	114	1273	864	1268	4304	925	2663	658	1095	849	2197	895	2881	515	1260	795	227	825	392	4760	1274
2108523	314	605	61	1370	206	236	8	70	1015	64	621	72	1165	1139	1815	1670	655	1572	352	1771	550	2982	787	306	1928	30	362	248	1191	373
2714358	261	401	232	768	113	165	21	102	526	72	609	94	538	1371	1025	855	268	282	364	1209	351	1353	289	291	354	96	234	195	1640	478
214851	211	1850	1132	1678	71	135	17	437	1284	50	1304	78	1759	4493	232	985	344	544	723	92	104	1258	266	156	240	243	2097	109	3075	679
2763056	152	220	133	372	83	79	14	64	754	12	587	29	508	691	215	971	629	219	349	144	327	227	59	94	173	95	208	121	1954	311
2766537	59	15	17	38	23	31	2	16	77	8	61	22	49	66	33	61	22	31	47	23	13	53	14	23	34	5	38	18	89	54
2994078	55	29	11	47	19	22	3	14	39	7	33	19	45	36	29	46	47	20	46	31	10	44	21	21	24	12	27	41	85	37
2666138	37	27	14	29	11	19	2	24	71	3	62	16	45	57	30	65	8	24	47	25	19	42	17	10	37	11	35	22	108	38
1981510	125	50	44	61	21	167	3	65	632	6	424	90	261	116	138	128	51	141	134	60	40	65	30	329	69	214	102	266	602	74
1796620	94	52	13	82	16	30	12	18	96	8	125	31	75	148	148	92	32	104	56	42	33	67	53	40	38	16	56	54	312	71
2780922	71	63	69	111	38	44	3	28	125	13	149	83	122	138	91	180	89	74	108	44	26	287	25	61	92	56	74	101	238	63
2488810	27	7	5	16	9	15	2	4	33	7	7	10	21	22	13	34	26	6	22	19	10	17	19	32	21	6	34	21	51	25
1521	10	5	7	19	5	3	4	3	53	24	14	25	19	4	14	14	8	3	22	14	8	14	13	7	10	3	12	22	23	10
2507162	43	32	5	34	10	12	3	11	47	7	41	13	44	59	20	36	11	41	30	8	20	22	11	16	30	14	28	29	102	24
2576756	42	27	7	31	9	21	2	15	68	10	49	22	31	52	25	56	26	20	41	24	17	42	15	12	14	20	18	20	112	34
253239	24	23	18	41	42	21	2	21	52	4	66	17	64	95	28	88	17	28	62	42	29	35	12	28	37	5	21	14	201	40
411486	912	675	345	1144	555	618	185	235	809	275	598	527	524	1495	1085	2249	767	719	656	854	790	1290	1147	565	1512	745	1064	1028	990	696
1042156	115	168	61	91	90	123	6	50	309	23	156	182	197	172	293	326	176	152	195	142	58	164	89	149	140	109	194	118	156	108
97138	37	19	12	20	17	14	4	15	42	13	19	44	24	45	52	48	24	18	31	40	20	62	50	28	40	15	51	31	86	23
2507159	12	7	3	5	3	11	3	17	15	10	12	13	20	6	11	10	2	3	18	8	5	12	19	11	6	9	11	11	28	9
1502	117	120	252	78	51	1438	14	87	170	95	114	102	333	409	155	295	282	45	823	213	153	115	690	132	125	389	107	168	254	72
1491	53	39	29	57	51	77	15	93	86	69	57	68	77	41	52	96	71	30	110	105	26	57	130	65	52	162	83	112	123	40
238834	20	32	8	13	17	33	4	11	48	29	22	28	24	18	19	20	35	6	32	15	11	36	46	22	19	23	29	36	38	19
1501	15	28	6	14	18	15	3	29	58	23	17	24	38	18	22	27	17	3	40	28	13	46	34	31	35	31	27	33	27	25
704125	13	10	14	3	6	26	2	20	27	5	24	15	16	7	8	16	9	5	24	19	8	20	36	7	6	44	19	28	35	15
154046	512	588	274	1622	382	690	77	337	564	354	429	489	376	367	913	613	674	1159	558	506	667	953	767	501	883	296	657	428	518	374
384636	148	141	52	72	67	129	27	37	266	117	119	157	156	65	120	166	138	98	135	131	68	187	115	137	161	100	163	136	101	74
2576307	10	4	6	5	4	2	2	3	21	26	11	28	15	9	11	14	4	4	8	26	6	10	10	19	4	2	10	11	15	9
3036945	19	13	5	24	15	11	2	5	27	9	18	6	21	74	10	25	10	11	17	19	7	14	21	13	10	12	16	13	79	18
1496	1441	1988	749	1368	717	793	148	399	1898	583	1904	1358	1263	1713	3308	1550	1623	1128	1052	1749	580	1218	1292	2630	1717	775	1853	1151	2223	1598
89152	18	13	10	15	15	25	3	9	47	48	30	40	29	12	21	25	31	1261	19	32	17	4275	43	41	32	14	16	5663	30	20
1505	5	6	5	4	6	12	2	10	17	26	6	8	24	18	15	7	10	4	39	8	6	33	30	19	37	56	15	16	48	10
39496	455	1526	515	465	3697	229	16	137	1427	178	419	499	587	1412	646	594	323	983	608	937	297	4617	1256	275	799	254	646	5328	1976	394
2841037	138	151	42	137	98	115	7	36	205	148	122	192	160	97	216	157	189	145	157	165	82	193	232	152	140	92	256	177	142	86
2841528	119	210	55	119	84	508	6	90	299	37	215	247	792	462	322	1392	107	109	421	162	57	186	113	167	144	130	180	206	1120	328
2764325	251	92	90	159	105	67	22	53	554	109	154	376	320	643	513	390	252	98	188	1093	250	642	492	800	550	125	314	264	288	447
1736	69	60	22	43	12	15	3	13	111	60	69	250	49	76	51	155	80	79	44	29	63	81	44	50	22	226	48	29	570	47
2041044	36	21	18	80	27	21	2	13	122	5	74	32	85	52	80	72	37	57	24	47	28	74	31	85	19	24	124	48	74	40
1297617	244	212	66	875	92	161	14	93	421	21	835	52	484	925	299	829	165	234	453	169	327	452	141	194	198	65	300	101	2654	511
2086584	239	177	64	337	153	137	9	74	295	166	220	154	205	205	226	208	137	276	143	162	103	236	195	136	184	80	187	189	285	127
2610895	232	181	53	370	271	138	14	64	233	60	372	56	346	467	2363	335	285	1239	214	296	322	998	262	191	193	70	418	538	725	352
1776384	66	33	24	132	14	28	2	12	51	27	58	61	41	72	69	76	246	88	29	38	26	219	74	197	28	16	40	32	95	29
114527	22	31	41	22	15	6	45	18	64	119	44	43	55	12	26	31	37	22	33	26	125	33	67	27	44	181	9	15	117	83
626937	93	107	17	31	27	81	5	16	80	26	95	166	61	103	66	523	24	47	44	39	17	108	32	60	82	44	164	38	220	68
1185412	20	15	22	12	8	14	3	5	30	7	18	25	34	12	17	21	6	13	25	24	8	36	35	24	11	22	23	26	17	13
2478954	10298	29	22	49	28	10366	5	13	50	24	5721	39	9261	106	91	26	22	27	10142	23	14	136	8656	43	13	33	60	59	48	1898
100886	6853	65	61	55	25	5970	15	23	129	13	3054	45	4973	85	72	64	71	57	5409	30	10	54	5287	34	43	13	107	58	83	10162
1522	470	237	191	596	259	287	29	297	559	170	369	559	311	649	725	376	415	804	269	1032	555	417	1071	420	401	2063	401	363	961	316
1547	396	82	57	205	81	241	23	62	311	419	161	1205	181	195	328	248	831	274	114	172	339	168	184	110	355	240	99	101	200	76
29348	16	15	4	8	23	13	2	3	95	27	7	20	77	133	70	11	12	26	44	30	5	89	25	33	9	10	22	36	59	23
2583452	152	61	41	75	52	239	3	27	72	131	128	141	249	116	165	114	165	69	90	264	67	138	198	216	112	635	112	798	127	191
1796635	110	182	89	158	63	457	16	59	271	115	124	129	244	134	185	76	52	68	121	119	154	198	53	477	197	62	293	169	175	162
1982626	97	5218	1273	1412	1470	94	12	302	2180	30	346	40	279	1888	2756	370	68	1014	460	1531	48	3079	93	792	80	82	2319	1739	1978	121
39483	91	201	52	689	111	177	25	48	210	42	162	94	878	580	224	204	143	163	229	128	102	200	220	723	193	141	115	103	486	539
2944914	28	3	4	17	14	10	4	2	19	47	34	12	41	62	35	6	22	7	24	33	6	41	42	36	8	9	26	15	25	11
2487118	11	25	6	12	23	37	15	30	36	8	21	24	64	28	35	35	15	13	31	13	9	48	20	24	14	32	25	13	24	29
437897	3930	26	5899	6280	15	13	2	15	14258	113005	6	23	849	11	8	12550	9	4149	21	22109	1608	13	19	4582	14842	15	17	36176	14	19
971	19	3	5	9	9	34	2	5	21	3	30	10	82	18	11	20	5	10	60	112	9	12	14	10	38	718	16	34	30	417
69823	9	28	8	45	3	30	5	7	26	5	24	16	94	44	13	20	7	16	73	118	20	22	7	15	39	776	13	39	71	475
626940	1762	851	4	15	13	25	2	12	2000	34	5245	3	5392	2665	15	33	4166	22	3472	12	5248	2423	6291	6777	6739	11	50	7189	46	1197
33025	14	76	1204	3184	3031	24	613	8874	44	692	24	1868	25	40	4425	4477	25	7888	22	1542	18	120	19	9	40	368	6863	10	17276	101
187327	12	20	61	9	7	20	153	2384	18	10	8	7209	66	26	48	44	15	235	17	36	31	10	43	54	50	53	5	314	24	369
2144175	20	11	10	15	15	30	6	7	298	7	24	13	54	40	21	30	11	15	22	84	18	16	14	13	10	34	21	17	49	40
907	14	13	16	13	17	38	3	4	17	9	14	20	1364	16	20	21	15	17	36	9616	3233	12	484	13	18	102	13	888	32	1947
423477	14	6	254	15	36	251	206	52	18	321	20	107	256	4	51	7	67	5	47	17	465	9	694	4	52	12630	54	6	121	90
1451	352	373	311	353	341	364	274	300	403	309	387	340	394	425	361	417	311	333	374	369	330	376	351	386	378	347	363	371	448	385
3050112	4	6	2	5	5	5	3	20	13	5	3	13	12	8	2	7	2	5	13	4	2	3	6	7	5	12	5	3	3	4
521520	12	9	19	9	14	26	21	25	12	2	8	11	15	9	8	10	5	9	27	4	7	9	7	13	6	3	10	7	14	11
189426	8	16	4	10	7	7	4	16	8	7	9	5	4	33	12	5	8	13	7	9	11	12	5	2	9	5	9	5	7	7
54914	621	619	597	621	601	604	587	613	612	597	612	611	634	619	628	625	604	616	614	610	613	612	598	622	627	614	629	616	648	618
1393	13	8	11	3	7	5	4	5	13	7	8	9	15	8	4	7	3	3	19	12	4	11	9	6	5	9	18	12	11	8
1742359	463	463	440	456	454	469	462	436	468	480	464	481	477	447	482	464	484	428	491	448	456	484	471	480	471	455	451	495	490	481
2756	459	446	437	455	447	449	424	452	449	424	449	472	479	408	438	461	434	455	451	443	462	416	442	424	451	429	455	451	459	436
1639	13	19	11	14	11	10	8	10	19	3	8	8	13	9	10	12	3	7	9	3	2	11	6	7	4	7	34	10	9	12
1623	64	113	4639	34	26	1558	29	17	203	23	103	222	843	53	55	124	39	109	99	154	50	194	26	70	50	57	53	90	195	86
1304	232	1288	4833	388	3177	6331	5343	4063	1209	889	213	2798	6374	919	188	1090	4807	843	1472	1164	12258	1384	10515	18	3075	10057	854	147	4819	3005
1316408	11	71	149	12	225	891	383	223	131	107	19	419	480	48	4	15	177	50	40	48	790	66	811	30	157	690	63	3	321	86
2610896	8	98	184	12	226	983	548	306	146	102	23	518	629	71	8	33	249	69	48	48	872	96	956	46	133	908	76	9	394	78
1759399	4	12	19	2	24	72	128	144	33	51	7	63	68	6	37	4	43	6	24	29	73	13	70	48	12	270	14	12	33	123
1307	73	48	30	34	35	130	9	63	128	37	166	116	75	86	44	51	33	32	85	28	35	53	71	50	46	63	482	315	602	97
1308	42	41	96	24	45	225	86	110	1590	20	20	80	112	5545	29	33	152	26	43	35	189	38	229	20	57	192	24	27	378	47
1305	22	42	24	9	38	33	157	86	21	236	8	85	277	28	6	18	11	8	33	13	35	29	127	12	84	102	19	20	57	56
684066	22	28	43	23	61	144	83	67	30	35	21	86	83	34	29	22	52	32	31	30	134	26	139	29	29	118	30	18	70	28
1328	9	20	91	13	37	16	15	19	44	66	7	42	46	28	31	40	27	11	14	28	33	22	80	11	22	167	15	16	27	30
1303	19	23	42	13	47	68	146	140	52	218	4	123	73	18	19	14	68	16	62	30	54	32	98	58	63	167	26	26	39	58
1311	59	30	6	19	15	149	7	15	64	89	138	13	79	83	154	51	16	15	48	31	25	113	46	19	28	39	62	10	306	26
1156431	13	32	18	20	43	119	432	325	30	174	2	371	107	23	55	11	29	5	14	59	113	56	150	8	15	297	48	13	34	170
150055	11	11	21	3	6	315	9	14	24	6	11	10	14	38	2	2	183	9	24	2	24	17	48	4	12	29	12	9	48	18
1335	9	6	3	13	13	467	2	11	20	4	7	3	17	13	3	17	62	11	33	5	11	6	23	5	7	2	12	13	38	10
1313	8	21	37	8	45	33	46	22	17	193	9	174	17	13	9	14	27	6	33	23	12	32	55	5	18	75	24	18	17	19
1302	4	13	16	5	55	50	36	153	28	53	13	64	111	21	18	11	36	6	10	13	42	29	90	22	35	459	13	8	154	14
1318	2	90	181	22	325	2884	416	311	214	116	8	816	577	53	15	26	226	72	107	81	971	105	1730	99	177	934	71	19	832	96
1352	149	129	99	416	69	114	21	21	435	542	475	227	179	279	478	419	245	163	302	267	157	411	358	199	81	75	246	180	548	174
44008	29	17	13	18	41	42	3	3	18	11	13	59	22	29	30	7	19	15	27	38	5	53	17	40	20	20	50	45	11	20
46125	103	102	97	101	103	101	107	104	109	119	103	104	103	100	104	101	102	99	103	100	107	105	100	102	108	99	98	104	104	95
46124	2	13	6	2	41	20	124	69	31	77	4	123	66	10	6	8	30	6	16	33	12	14	33	55	19	102	32	22	14	17
1260	16	14	21	11	17	12	3	3	13	68	14	9	15	11	5	16	19	11	22	9	8	44	30	39	13	10	19	36	18	12
1680	2173	21	3185	9	2957	7	243	2032	231	5314	56	68229	21028	350	57	58	3	6803	576	35694	14	17	3	13	100	19	53	1926	6907	40
216816	142	31	4938	76	1102	48	38738	1699	6820	1096	98	15853	3819	101277	507	3061	283	116	31	26169	74	3664	170	61	309	4028	676	6637	7476	2162
1685	77	56	79	61	97	25	516	42	121	65	27	744	95	669	38	56	63	100	26	214	25	72	27	62	141	67	45	173	122	38
1686	64	8	314	4	1060	4	642	54	571	236	119	20254	144	1352	15	47	5	125	17	171	11	35	3	5	24	4	36	136	86	18
28026	46	22	3125	6	938	16	12454	261	8785	4546	1054	17808	204	14944	6	5	2	515	15	249	6	7	2	3	263	8	219	2084	188	10
2036	90	84	73	91	78	89	80	83	92	78	109	78	92	94	92	101	84	87	95	85	89	100	89	92	82	91	98	93	105	97
43675	32	32	75	15	93	233	556	264	121	524	16	208	99	44	50	15	158	11	95	82	141	10	190	43	59	634	541	11	51	126
1660	32	169	244	217	169	322	529	138	85	906	166	567	440	108	156	105	279	156	167	424	262	148	544	302	419	1228	210	103	175	207
1852377	6	12	10	12	11	12	22	5	12	68	4	14	18	5	16	4	21	18	12	29	31	15	39	7	32	62	6	9	16	13
119981	87	85	79	89	78	81	80	80	93	77	81	87	80	86	81	83	81	83	84	86	80	88	79	80	84	86	85	89	86	89
74426	2530	15112	9649	7539	14615	12100	14708	12122	6688	3813	11284	15141	12706	43349	35045	9998	2767	12900	11583	11702	17016	9798	4995	3993	21029	4369	12179	23001	6543	8309
147206	8	27	18	15	138	51	143	14	23	328	31	891	211	124	51	24	59	20	32	1250	22	15	26	7	21	12	72	302	33	20
1871022	8	53	4	13	20	17	53	44	34	14	41	192	73	106	62	54	4	65	86	43	24	32	18	11	18	10	11	39	38	41
604330	6	20	6	22	25	13	20	32	24	7	55	44	76	84	42	32	6	41	64	20	30	13	8	6	21	28	18	58	64	31
712157	3	9	2	3	14	4	8	3	9	6	10	25	9	20	4	15	6	7	6	20	11	7	5	9	8	10	5	7	21	6
1335613	59	50	41	82	25	30	6	40	43	13	71	16	120	47	380	382	79	39	36	378	40	334	16	35	32	3	173	80	141	18
471189	24	98	34	760	82	110	12	25	40	18	181	22	111	134	182	84	12	64	42	106	90	108	48	43	52	199	35	54	142	18
84112	59	656	44	594	116	252	99	601	104	45	948	2927	163	252	1355	739	1727	2154	105	2829	172	1775	205	1179	2092	3516	2691	434	355	226
502558	8	30	29	22	11	8	12	3	53	9	99	11	41	26	52	62	6	11	24	5	14	8	21	4	19	7	5	24	60	10
2690837	3	48	45	92	33	11	12	21	37	13	62	27	75	62	63	43	15	36	18	13	24	60	27	12	46	19	22	26	45	19
1907662	16	17	16	87	17	31	11	6	81	3	87	6	143	163	111	121	6	12	65	53	32	73	44	26	85	20	8	79	95	95
1531429	11	20	25	14	33	15	6	5	27	2	30	13	55	25	28	27	3	17	21	6	11	4	24	10	20	10	2	22	71	21
79604	5	19	18	22	10	7	7	2	18	9	20	16	49	26	28	26	3	6	24	8	12	8	17	5	17	15	3	14	48	20
1870985	4	51	23	17	16	14	7	19	40	15	60	22	67	60	65	60	5	11	31	15	27	13	31	17	38	12	3	21	66	12
328692	72	70	71	71	70	65	65	71	68	70	65	64	70	72	68	73	67	66	65	75	63	68	71	70	70	70	74	69	80	73
46506	62914	2832	2714	47866	12073	1720	214	530	11104	93386	5785	185	1213	1799	17123	4193	25388	2192	4528	71526	3458	4049	29234	15386	7006	3747	26121	23503	1136	629
28111	16536	499	270	12102	921	114	74	237	3219	3533	3408	17477	1288	2253	224	1018	5817	414	343	756	1833	998	2537	2834	4527	731	3858	3649	1367	606
820	16871	2747	2409	21975	6681	1554	852	1639	13511	9645	8162	43648	5240	7486	69196	5834	31351	25369	1730	30597	2371	90437	17107	4164	7130	3686	31141	10986	1846	2445
2528203	1498	182	56	1304	527	175	109	56	941	1405	224	808	120	4426	1288	395	1495	1503	150	1879	175	3349	5949	401	1487	156	1910	1653	88	76
2763022	290	188	840	224	419	209	129	138	136	402	94	52	191	151	2929	250	1099	254	133	289	379	576	2966	447	605	352	604	535	496	471
556259	283	355	319	229	724	66	25	291	191	236	94	25	150	112	936	244	953	446	85	296	71	500	296	201	312	84	483	476	276	146
2847299	687	1616	950	358	369	748	3353	1736	112	458	1905	806	534	264	764	810	638	917	488	3483	769	951	691	1161	1322	631	471	784	411	1262
371601	5646	5053	3453	2943	2534	3312	5162	7286	1075	3504	7525	1083	3518	3734	7883	2815	11810	3159	2788	3717	5387	8115	13577	6964	5062	5468	3313	6062	1984	7911
818	3664	5727	9958	26661	3573	4795	12599	12291	4453	11828	10245	2082	4933	1492	11370	8368	13865	15915	5397	5677	6428	7274	9752	9189	3686	4726	16805	6454	3624	9655
2650157	2850	1537	2422	2157	847	1517	375	606	2942	3373	527	40	316	1302	402	2518	17697	5770	666	1717	388	12229	1981	1672	2600	670	11738	1589	1079	369
817	18621	8540	6133	33246	19069	6471	361	6167	12016	8785	11377	28240	4183	10030	15567	16460	15207	9894	5771	29753	3367	13079	38802	16169	21073	25966	43097	9461	9042	8997
674529	2420	519	531	1423	841	287	580	895	546	1966	531	510	1020	378	308	1041	2508	634	476	1451	485	1485	1692	691	1549	2801	1766	2678	261	470
28116	3650	2493	3321	4518	10852	540	2972	5748	3162	4207	3730	6035	3211	1297	18251	3178	8541	4312	2056	4392	2929	6329	4757	7061	4393	2692	3576	7160	4023	1575
291644	1650	3853	220	15155	3888	503	102	278	3782	2576	437	292	294	266	233	723	3682	690	189	882	251	526	3405	415	1245	633	6992	2045	86	168
329854	1110	345	219	9398	406	223	105	349	400	1619	679	51	338	117	4503	604	1143	233	115	656	292	907	1211	443	1432	298	896	1059	556	147
47678	1051	10382	3507	10633	1542	1587	359	2884	1510	3346	1020	173	3726	3121	7426	11143	39019	5006	462	10561	3303	9150	7177	2503	8205	1410	8817	4062	7113	1156
291645	931	1009	843	658	540	626	1288	710	247	1125	1038	1240	447	541	182	1216	1747	1386	453	721	444	689	1473	1249	1187	495	1105	1360	4180	727
246787	685	658	248	19851	768	302	620	667	245	955	1174	817	297	571	720	637	944	9044	292	804	342	1603	6295	761	1908	892	1169	1116	686	258
290053	481	253	159	303	253	186	80	174	134	775	181	18	107	376	105	412	567	155	130	367	203	253	984	311	927	323	639	825	19	114
2715212	480	329	270	272	285	210	177	177	171	926	173	40	150	158	181	478	871	341	106	519	182	475	1216	205	776	335	951	955	530	172
1796613	367	216	68	913	294	127	62	220	236	503	190	224	141	213	256	353	641	207	62	332	142	377	1240	140	619	438	563	510	107	97
28113	338	166	125	131	339	66	18	37	74	602	243	23	102	139	54	418	316	46	183	312	225	167	721	307	627	282	485	686	24	151
28119	255	192	173	141	176	109	107	228	88	613	378	43	124	111	62	330	301	296	130	279	211	153	816	406	667	340	507	774	25	152
151276	92	98	73	64	46	32	174	185	15	115	33	3	115	21	3	143	260	67	58	99	60	60	267	212	239	126	138	275	2	37
821	69239	25390	10935	40840	2815	5964	13864	7210	22043	119127	4304	129889	8592	15395	115742	4574	86875	45722	3624	27712	2887	82689	36553	51174	22435	12428	92636	25432	34286	12448
387090	2486	1413	2761	1532	4141	752	3913	3111	855	11364	2021	6989	1717	236	198	4988	5728	41423	1322	5064	1377	972	12914	1465	7868	3964	7505	12238	279	1397
357276	2514	4341	1147	22049	32203	12522	1505	8617	33001	5133	11562	17977	1677	12444	2915	26239	27245	12238	4357	16755	2506	21202	25237	2270	3171	1414	3851	3673	1754	1827
376805	1123	583	347	559	1279	326	417	344	453	3218	468	215	330	346	547	1534	2225	444	266	1320	518	445	3892	394	3732	1231	2400	3887	115	363
823	10859	9395	1733	20579	6830	2334	2386	2909	5802	13004	1801	10783	2297	6326	8866	5369	11337	5746	2193	18911	7027	15866	14541	13061	11869	12446	11150	8612	3427	2465
46503	3645	1485	1371	743	1568	1003	196	217	610	2432	2143	558	2645	4835	6383	2200	3910	270	1453	1100	5643	1191	3101	2815	2397	3071	576	2407	629	748
328812	454	440	157	1234	161	224	145	178	164	467	127	1164	157	59	42	310	930	152	90	1579	235	301	553	230	356	422	335	546	357	135
387661	372	126	67	737	3097	45	41	1565	2032	463	213	174	147	95	625	554	401	1554	131	8229	405	112	860	832	935	222	2816	551	371	242
2685834	160	110	59	1436	100	136	235	78	72	363	114	25	389	77	53	189	1278	81	232	221	107	515	530	126	1117	142	571	1226	53	75
1217282	125	93	61	166	89	86	340	137	50	248	52	58	78	38	64	161	342	51	44	180	80	105	295	115	211	124	221	272	28	50
2913621	314	108	534	22	82	430	34	575	11	145	712	2	313	22	5	60	61	32	546	78	983	27	281	941	486	542	118	547	17	614
2937774	301	129	630	20	55	677	218	702	9	91	734	2	382	14	5	38	40	56	662	35	1007	18	193	886	418	707	61	538	8	732
712471	247	30	279	13	12	274	22	335	8	30	378	5	248	37	12	26	33	7	319	17	516	8	156	570	166	367	31	378	12	407
28131	1046	1320	781	66	118	635	3148	3010	42	117	1291	20	949	25	25	97	144	102	1073	80	1774	39	494	1490	711	1084	140	957	25	1605
28132	637	719	1915	98	772	2151	2111	3930	40	137	1774	6	1039	24	16	152	266	461	2056	143	3177	69	485	2029	2626	1430	181	998	47	1919
839	431	364	1265	16	213	1110	434	1276	26	177	1187	16	785	26	13	90	51	128	1047	85	1905	42	306	1444	921	880	137	844	32	1253
77095	354	420	912	40	403	1658	1549	2204	20	77	872	7	540	22	11	94	117	820	1156	65	1506	30	284	1161	1300	725	70	361	89	1004
52227	349	228	780	27	735	820	293	1097	14	48	1009	11	811	63	4	106	55	113	1065	35	1753	15	272	1727	574	1150	64	871	40	1290
589436	323	84	587	67	55	442	133	751	41	128	739	12	359	38	17	46	43	55	500	68	938	43	200	854	589	556	122	704	7	547
28129	313	248	801	20	293	1037	402	2352	12	116	912	6	766	23	9	59	60	159	992	56	1517	14	238	1067	566	1176	95	583	41	1134
1177574	248	430	1622	27	404	683	1515	2661	17	91	1388	4	652	5	4	301	67	569	994	43	1600	19	195	1081	640	688	42	506	61	1037
28125	195	552	602	13	395	683	228	1221	14	156	597	6	342	6	10	26	35	251	616	28	941	7	141	689	1875	605	29	230	19	627
28128	157	186	386	83	112	382	214	1711	5	113	506	5	576	15	23	103	48	98	648	92	776	13	139	593	358	1091	31	590	4	1060
2801997	130	132	355	8	150	978	152	801	9	57	444	15	198	10	4	59	55	36	534	40	693	9	117	403	577	281	33	222	2	355
470565	137	278	330	6	127	179	143	471	16	34	279	3	173	3	2	42	31	126	250	18	393	2	74	382	394	165	17	183	11	284
454154	2556	1169	2846	7131	7250	792	322	1020	1354	421	1278	45	2648	2160	18	4288	2687	362	1641	145	2492	956	1695	1461	277	2548	6521	6126	24	1254
454155	781	320	218	1607	1388	178	31	1062	266	354	205	23	337	111	733	874	331	238	365	350	535	354	587	239	397	453	1758	1196	51	110
165179	1174	186702	213537	162	227361	154706	365213	210324	100	201	57663	52	85467	4045	56	31747	212	141556	89885	123	118276	49	667	122627	60282	59156	152	1574	8667	123482
28127	608	964	700	56	95	572	2321	2344	10	177	1473	17	720	34	16	101	308	552	1132	57	1963	26	377	1513	670	1255	63	589	8	1686
76123	148	75	211	20	12	137	109	330	12	62	282	5	138	5	2	35	43	5	239	41	481	9	148	339	315	230	26	290	7	271
214856	1355	569	427	3472	2151	427	417	761	587	454	565	10	317	10682	1229	1730	785	4457	442	6510	761	273	1070	1386	2831	470	1053	331	1041	743
2585118	1031	423	586	1370	44	203	31	135	853	58	2013	14	456	1283	2092	3107	1224	792	416	2324	87	178	605	276	446	415	933	316	1536	448
328814	756	2098	103	3078	13	385	6	69	625	63	996	57	1283	5278	3133	5661	4626	3616	476	1791	307	544	3401	868	228	191	5326	421	942	352
2364787	474	2658	1445	503	101	930	4538	4258	115	82	2151	5	701	382	464	644	192	1252	835	713	839	78	345	1765	181	163	274	996	480	2386
328813	409	484	662	5726	93	79	21	59	3256	310	2874	21	633	1825	1208	4068	1300	1122	81	1867	89	407	1739	312	2537	88	850	305	8396	119
538949	84	227	111	315	41	107	79	57	144	101	203	6	30	467	533	440	286	459	41	696	81	64	329	93	130	84	334	145	323	53
2585119	84	204	159	1109	568	35	4	21	251	48	263	9	688	587	618	529	382	494	33	703	79	1792	346	117	199	40	305	138	976	60
28118	3195	1210	80	1871	650	108	133	579	1632	155	2702	263	803	2031	2757	3313	3997	2566	799	627	1752	1260	1943	1235	480	571	2904	975	150	1168
2093856	1013	184	115	1785	366	40	43	1631	220	84	267	7	933	80	111	242	310	384	303	508	470	224	418	248	303	1365	480	447	282	1891
544645	269	959	34	2718	34	130	42	95	592	178	793	96	767	1019	20	2023	827	1134	561	1414	324	1289	355	1264	588	225	1147	1065	1345	594
2530390	150	48	128	304	42	76	25	148	24	148	186	34	72	64	29	96	48	23	148	43	154	10	210	224	271	123	68	142	196	178
1796646	105	47	44	690	23	19	50	59	10	75	119	5	46	22	29	63	79	11	63	34	125	13	145	236	45	251	56	128	79	116
2606626	109	51	371	47	39	151	391	590	25	13	294	3	139	17	7	48	33	50	301	8	296	33	153	776	293	487	21	197	60	457
2518971	100	29	82	127	62	55	4	92	14	106	99	36	36	24	16	128	100	100	98	61	101	36	135	149	88	148	74	135	142	87
397865	245	78	187	427	263	134	5	86	99	542	201	7	91	141	738	330	226	400	129	697	172	238	564	231	189	269	464	651	61	114
1099853	92	16	97	381	22	8	7	125	442	118	30	155	25	179	143	604	182	138	18	53	40	2359	176	47	220	100	138	276	565	30
322095	19	18	22	295	27	56	32	65	7	32	36	2	37	9	10	19	51	29	29	4	17	11	37	45	28	83	20	28	9	11
1642646	162	107	17	68	80	21	59	227	23	139	61	28	38	11	25	69	26	116	227	76	335	35	131	143	84	367	219	161	33	295
185300	13	19	3	24	16	10	46	5	7	41	28	2	8	10	4	28	75	13	11	25	18	18	83	31	74	34	61	79	2	8
1717717	6	15	15	9	6	4	15	52	5	13	15	3	19	8	4	8	15	9	14	10	26	5	19	17	25	14	7	19	5	17
3003260	90	80	69	100	76	74	72	85	88	90	79	79	85	79	82	81	107	76	101	80	91	77	92	79	91	94	93	77	76	80
28251	17	8	7	7	8	16	18	6	7	10	16	2	10	11	12	23	21	5	14	26	29	14	113	23	91	13	10	24	5	14
1653831	9	12	5	5	15	14	11	5	9	7	12	7	7	9	3	15	21	7	19	25	4	16	17	19	18	12	13	25	12	12
2910158	180	162	215	167	167	180	162	174	175	174	171	166	173	160	169	189	174	172	162	170	166	167	171	173	177	172	170	189	165	174
1411316	4	8	9	8	26	37	4	17	5	29	15	3	7	3	8	14	7	4	7	14	9	5	25	25	47	26	27	12	2	26
1463165	15	7	1203	33	11	71	222	81	23	31	26	281	14937	11	49	19	351	4	537	3476	1228	5	28	25	64	113	12	35	414	248
562	115	95	4313	85	13459	11486	3075	1398	816	787	2380	59653	807	571	4439	1351	139	1970	6313	7432	1618	9205	22233	1054	421	112163	3353	228	8661	2835
550	15	11	299	17	11	53	19	29	74	188	153	60	6287	9	173	21	56	13	1251	277	510	13	18	17	83	66	8	27	202	1504
28901	8	21	89	21	36	176	46	24	68	3	91	125	360	181	33	26	23	47	67	47	174	44	322	128	79	1124	36	36	193	50
582	8	14	11	5	11	16	4	6	12	12	13	3	11	8	8	19	8	4	17	10	5	11	21	21	11	14	11	12	15	13
294	24	7	15	6	6	10	2	5	26	14	28	16	16	16	17	15	9	9	13	18	18	29	30	19	18	14	6	27	25	15
316	5	18	14	20	5	14	4	22	23	8	17	2	14	16	18	17	4	9	23	14	18	11	11	14	4	17	23	19	24	23
729	215	68	637	8	79	676	1479	49	307	2379	109	38	938	7	12	16	39	73	110	5	4540	8	970	12	3085	9842	402	20	70	2033
465797	86	105	103	106	110	93	124	109	125	121	90	87	98	117	97	102	104	92	100	71	86	87	105	102	109	72	87	140	86	108
45610	32	37	39	40	41	40	41	44	43	42	47	34	40	37	40	37	36	37	41	36	43	34	42	38	44	39	41	43	38	42
83771	8	3	14	6	5331	11	11	18	25	6	15	8	27	8	8	7	6	9	945	13	10	10	12	20	10	11	7	21	8	15
1852381	53	91	69	26	3	56	46	3	44	176	387	9	41	6	3	4	112	251	22	115	137	369	203	83	16	23	12	75	6	25
945844	143	147	145	142	133	153	140	136	147	147	151	137	140	144	144	142	145	155	149	148	155	152	156	149	145	141	145	157	152	153
2728021	114	125	119	114	118	110	111	115	119	123	126	115	119	112	116	112	107	130	111	130	119	120	131	118	114	112	118	117	123	117
29581	103	95	104	106	106	112	112	111	112	123	105	98	112	109	101	103	98	105	110	105	115	119	135	107	116	99	116	101	116	104
80842	37	42	35	34	34	39	34	32	38	34	33	32	38	42	34	37	36	40	42	41	40	47	42	34	35	32	35	35	44	36
367825	218	230	207	217	208	217	204	197	224	228	212	207	213	237	199	211	216	229	215	223	228	225	229	233	211	216	205	221	217	219
80866	283	333	269	344	235	258	229	230	301	320	257	203	246	340	239	287	243	296	243	267	278	290	306	307	271	249	263	372	264	258
34073	18	13	23	16	6	6	8	11	17	26	43	3	28	41	6	14	5	16	16	14	17	13	21	30	16	9	10	38	45	10
37448	14	15	18	20	17	17	18	17	14	19	21	21	17	18	21	21	18	21	19	18	19	19	18	17	22	18	21	17	24	17
76731	141	148	139	144	143	137	152	142	143	160	146	144	145	141	145	142	144	143	137	154	153	157	159	151	144	141	139	151	138	150
215580	78	101	84	94	72	94	77	76	81	98	87	72	81	83	88	78	77	102	87	99	104	94	96	93	86	84	69	92	80	85
1296669	194	211	201	206	198	195	204	188	207	234	206	192	205	205	203	207	202	217	204	220	227	227	230	206	193	203	204	218	205	199
2041385	291	299	275	301	280	286	256	272	300	277	310	267	300	312	300	300	255	289	290	297	307	299	288	283	281	295	299	301	333	287
1325095	58	58	66	69	56	60	54	60	72	71	72	59	59	70	68	73	52	63	58	63	72	60	72	60	63	65	69	53	62	78
290	85	87	86	79	87	80	80	82	90	85	93	87	90	78	90	86	82	87	91	85	92	87	86	89	90	86	86	84	95	95
151416	55	54	55	60	56	60	54	54	62	60	55	51	60	59	53	58	58	56	53	58	60	53	62	54	52	61	62	59	63	59
135719	115	115	103	132	88	124	88	106	125	106	128	84	140	135	105	154	90	115	124	109	139	135	98	116	111	130	113	132	138	156
901	685	57	11	86	84	7	4	55	1212	10	29	43	1350	2679	69	47	37	1607	1399	3326	1070	170	1126	2014	1026	15	100	1492	45	14
197	48	275	62	51	152	152	4	110	172	51	231	183	110	1481	28	1121	325	105	81	176	332	346	207	264	81	147	82	293	211	64
