1017
113107
114527
1156431
1176721
1177574
119981
1211326
1217282
1234680
1296669
1302
1303
1304
1305
1308
1313
1316408
1318
1325095
1328
133926
135719
1358
1382
1393
1411316
1451
1463165
147206
150055
151276
151416
1582259
1598
1601
1623
1642646
165179
1653831
1660
1680
1685
1686
1689
1694
1717717
1742359
1759399
1795355
1796646
1805478
1839799
1852377
1852381
185300
1870985
1871022
187327
189426
2027860
2036
2041385
215580
216816
220684
2364787
2382163
244366
2487118
2494234
2606626
2610896
2682455
2682456
2685834
2690837
2691580
2703787
2715212
2728021
2734634
2740462
2745947
2756
2763022
2779519
2801997
28026
28037
28116
28119
28124
28125
28127
28128
28129
28131
28132
28133
28137
282402
28251
2847299
2859768
28901
290
2910158
2913614
2913616
2913620
2913621
291645
2937774
29466
29581
3003260
303
3050112
322095
328692
33025
34073
354356
367825
371601
37448
376805
387090
390884
39778
423477
43675
45610
46124
46125
461876
465797
470565
502558
521520
52227
52773
538949
544580
54914
550
562
573
582
589436
589437
604330
61592
626932
652787
684066
68892
712122
712157
712411
712435
712471
712623
712633
729
74426
76123
76731
77095
79604
80842
80866
818
837
839
84112
889453
945844
995
