	taxid	cluster
0	1017	0
1	1019	0
2	111015	0
3	113107	0
4	1156431	0
5	1156433	0
6	1302	0
7	1303	0
8	1304	0
9	1305	0
10	1307	0
11	1308	0
12	1309	0
13	1311	0
14	1313	0
15	1314	0
16	1316408	0
17	1316411	0
18	1316412	0
19	1318	0
20	1328	0
21	1334	0
22	1335	0
23	1338	0
24	1343	0
25	1379	0
26	1433513	0
27	1655	0
28	1656	0
29	1660	0
30	172042	0
31	1750	0
32	1759399	0
33	178339	0
34	1839799	0
35	1852377	0
36	1902136	0
37	204	0
38	2047	0
39	2081702	0
40	2382163	0
41	248315	0
42	249188	0
43	2576376	0
44	257758	0
45	2598453	0
46	2610896	0
47	2663009	0
48	2682456	0
49	28037	0
50	28449	0
51	29391	0
52	29466	0
53	33033	0
54	39777	0
55	39778	0
56	43675	0
57	43768	0
58	45634	0
59	46125	0
60	47671	0
61	485	0
62	486	0
63	487	0
64	488	0
65	490	0
66	495	0
67	52773	0
68	544580	0
69	554406	0
70	706438	0
71	712116	0
72	712122	0
73	712310	0
74	712357	0
75	712623	0
76	712624	0
77	712633	0
78	726	0
79	727	0
80	729	0
81	732	0
82	84135	0
83	851	0
84	10401	1
85	1160721	1
86	11970	1
87	12330	1
88	12450	1
89	1491	1
90	1496	1
91	1522	1
92	1550024	1
93	158836	1
94	1605721	1
95	166486	1
96	1678078	1
97	1680	1
98	1681	1
99	1685	1
100	1686	1
101	1796613	1
102	2003309	1
103	2023057	1
104	2072209	1
105	208479	1
106	2093856	1
107	2093857	1
108	2107708	1
109	2109688	1
110	2109690	1
111	2109691	1
112	214856	1
113	216816	1
114	2364787	1
115	239935	1
116	246787	1
117	2479767	1
118	2528203	1
119	2564099	1
120	2584943	1
121	2585118	1
122	2585119	1
123	2650157	1
124	2650158	1
125	265522	1
126	2662363	1
127	2715212	1
128	2755405	1
129	2763022	1
130	2763056	1
131	28026	1
132	28113	1
133	28116	1
134	28118	1
135	28119	1
136	290053	1
137	292800	1
138	29520	1
139	301301	1
140	303	1
141	328813	1
142	328814	1
143	329854	1
144	33025	1
145	33035	1
146	33038	1
147	357276	1
148	371601	1
149	376805	1
150	39483	1
151	39485	1
152	39488	1
153	39640	1
154	397865	1
155	419435	1
156	454155	1
157	45617	1
158	47678	1
159	548914	1
160	626932	1
161	649756	1
162	67082	1
163	74426	1
164	817	1
165	818	1
166	820	1
167	821	1
168	823	1
169	84112	1
170	853	1
171	1173032	2
172	1262452	2
173	1349409	2
174	1349410	2
175	1560339	2
176	1974213	2
177	2035	2
178	2099	2
179	210	2
180	2100	2
181	2107707	2
182	2528025	2
183	2662397	2
184	2726185	2
185	28903	2
186	336810	2
187	426	2
188	1177574	3
189	2133944	3
190	28112	3
191	28129	3
192	28131	3
193	28132	3
194	28135	3
195	52227	3
196	589436	3
197	589437	3
198	652716	3
199	712710	3
200	76123	3
201	837	3
202	839	3
203	1272	4
204	1274	4
205	1280	4
206	1282	4
207	1283	4
208	1286	4
209	1290	4
210	1310	4
211	1326	4
212	1329	4
213	1336	4
214	1340	4
215	1396	4
216	1437360	4
217	146827	4
218	149016	4
219	1499308	4
220	1526658	4
221	162426	4
222	1725	4
223	1744	4
224	1747	4
225	1792307	4
226	1842539	4
227	1867715	4
228	1916	4
229	1968775	4
230	199591	4
231	2015316	4
232	2020412	4
233	2202825	4
234	2202827	4
235	2202828	4
236	2208	4
237	223967	4
238	2594913	4
239	269660	4
240	2732591	4
241	28450	4
242	29382	4
243	29388	4
244	29394	4
245	29442	4
246	305	4
247	33040	4
248	34073	4
249	361101	4
250	38289	4
251	38301	4
252	38305	4
253	408	4
254	426117	4
255	43770	4
256	456327	4
257	562	4
258	573	4
259	630	4
260	651	4
261	71999	4
262	747	4
263	76860	4
264	91844	4
265	96344	4
266	1623	5
267	2187	6
