	SRR23389262_bracken_species	SRR23389263_bracken_species	SRR23389264_bracken_species	SRR23389265_bracken_species	SRR23389266_bracken_species	SRR23389267_bracken_species	SRR23389268_bracken_species	SRR23389269_bracken_species	SRR23389270_bracken_species	SRR23389272_bracken_species	SRR23389273_bracken_species	SRR23389274_bracken_species	SRR23389275_bracken_species	SRR23389276_bracken_species	SRR23389277_bracken_species	SRR23389278_bracken_species	SRR23389279_bracken_species	SRR23389280_bracken_species	SRR23389281_bracken_species	SRR23389283_bracken_species	SRR23389284_bracken_species	SRR23389285_bracken_species	SRR23389291_bracken_species	SRR23389292_bracken_species	SRR23389293_bracken_species	SRR23389294_bracken_species	SRR23389295_bracken_species	SRR23389297_bracken_species	SRR23389298_bracken_species	SRR23389299_bracken_species
418240	47010	46906	10558	49520	17117	22735	21471	18508	56861	12484	19875	19586	29673	72216	28333	35007	54062	72070	25081	29247	29621	41937	14227	10568	19936	6709	32810	33465	40402	23628
2479767	4171	5510	834	15443	2767	17469	511	3065	11875	585	8811	1919	6892	6555	2570	4213	15397	1505	10213	11928	827	1659	3130	1863	12696	7787	4862	5066	7212	2820
2877527	238	269	83	267	231	238	26	60	770	583	219	776	292	223	471	476	1138	381	263	215	726	495	544	260	328	394	638	615	416	255
40520	4088	8021	3893	17647	3322	3830	657	6880	14866	1561	9119	4012	8640	15723	20921	12012	7347	3592	11853	5758	2812	5618	2654	3707	6350	2098	5807	3125	7417	11843
1796616	384	445	182	392	381	295	36	127	792	133	401	504	413	396	399	613	498	659	382	656	297	588	498	655	433	282	437	577	352	275
33035	359	510	154	507	535	393	21	157	729	452	296	1152	397	440	584	555	768	631	419	433	321	718	824	533	1040	219	706	606	367	307
1912897	298	425	181	321	269	321	33	109	807	993	311	1647	418	330	1718	571	807	653	364	611	246	1206	1343	343	735	500	948	696	423	207
1322	296	660	167	411	537	350	16	97	645	966	320	2452	316	338	3031	583	785	3451	371	1274	1811	1986	1122	464	1245	291	830	3781	453	266
2779518	221	265	65	90	143	169	10	50	261	64	174	210	206	227	201	447	96	134	150	167	70	210	152	182	256	89	423	199	180	143
39485	27496	12488	17654	152	8417	29279	16	648	2335	121	22026	8453	3763	1912	3494	1313	3588	7909	3726	2185	6011	8933	10369	9848	3670	2239	6050	5963	11703	10031
2763672	27010	15920	2049	6993	1445	14175	40	986	7994	313	7908	3056	12643	2378	4094	12088	4224	14092	4146	1081	2286	1726	3792	3610	4424	901	1129	1783	4617	18668
166486	12975	4655	22350	4548	4572	4454	184	1919	21960	1203	6998	9311	11779	3621	7857	6515	10542	3672	4483	8713	5884	24175	4518	4553	70364	20232	6134	6637	4085	4575
301301	1801	2703	1038	1108	1671	3886	219	730	4244	455	4173	2444	3537	1786	2918	3233	1314	3668	2685	2062	1277	3057	1579	6654	2064	2036	3535	2693	4004	2411
2763062	1431	1056	1179	545	843	1065	43	444	4341	356	1546	1401	1849	687	876	1366	1025	787	4148	1467	838	2976	3896	1437	3849	1981	1887	1302	641	891
39488	11569	5870	4027	8480	5910	6698	145	4043	12540	430	6638	2132	7172	11006	8919	7846	2182	8496	6209	5147	2743	6971	926	3765	7561	951	5323	3608	9140	4497
410072	8796	6339	2597	4298	7429	825	462	3683	4650	1187	5602	1388	3942	8140	22352	3038	2005	12093	6444	6635	770	8931	1197	1977	4340	4231	1509	1318	2463	5716
116085	1070	2243	1557	4238	794	949	121	1001	6694	584	2917	1029	2480	4314	2509	3571	777	1431	2825	1068	1042	3134	738	1905	1396	1194	945	1923	2789	1773
33043	663	501	119	225	206	343	62	83	675	134	501	856	849	1351	1461	928	422	216	1089	415	144	513	289	358	434	130	300	468	46794	625
751585	259	461	162	658	202	247	10	140	693	59	395	887	1913	7665	6868	737	168	134	1684	302	217	277	142	337	180	185	296	405	3204	2494
649756	8296	17596	5457	39714	1729	28091	137	3208	28122	3252	4126	29675	3289	35289	23351	5790	37433	9024	4520	6521	5735	18315	2067	1485	3313	20748	13504	3715	12557	1463
105841	77	111	34	104	75	109	6	31	160	78	95	164	102	71	82	120	98	95	136	145	99	142	236	153	98	66	163	180	134	72
1229621	55	81	27	58	51	78	2	32	154	64	84	136	78	59	106	115	95	72	98	127	54	133	103	79	123	48	93	107	70	53
33038	5521	1973	1800	2650	2045	3793	287	1379	4714	35714	2095	19759	2073	2670	8862	3512	12987	6054	1628	3765	2540	3976	25657	4858	5110	7584	10639	15520	1822	1366
33039	1080	18228	10541	2209	645	1233	168	4410	18785	57088	1407	7523	3712	19944	12041	1481	954	1076	8651	10292	16157	32861	846	14984	1802	6803	2103	19746	4914	8168
46228	606	982	279	696	463	4509	48	3092	20424	955	1119	709	6075	9261	963	5730	481	17898	4503	8726	506	10336	684	630	654	450	912	770	10227	7554
88431	2339	11762	7985	12197	1316	1592	430	7328	20541	1932	14530	11894	12515	10498	12905	10241	1596	2153	9179	11563	11751	8945	7663	8658	7034	1210	2657	3849	7771	5991
39486	1659	3663	3124	3376	586	3297	108	1180	3984	712	2787	1143	3855	2973	3303	2280	676	3313	4679	2494	450	4136	3037	3375	2667	4599	1092	1323	2392	1627
29347	998	966	667	1128	1974	707	98	265	2457	1593	1077	1410	739	810	1235	1041	2591	1127	580	1119	581	1356	1988	1127	1087	720	8858	1363	889	680
89153	222	280	77	270	138	173	12	37	271	262	146	237	138	214	249	187	150	224	202	179	148	264	313	132	185	95	585	198	260	95
1871021	222	181	69	167	125	155	29	67	348	130	252	432	253	221	446	357	227	254	201	181	117	292	237	159	275	209	312	270	287	136
66219	57	53	16	42	48	41	4	26	142	30	85	62	146	44	60	79	56	25	95	64	37	96	104	53	45	62	101	68	87	57
208479	761	478	307	1081	1638	640	90	323	597	862	371	4134	338	697	1004	1173	3546	1335	468	1271	1544	1089	3345	936	889	479	2712	1081	1086	285
333367	388	249	147	667	328	187	39	162	514	268	381	526	238	675	539	564	751	513	259	474	643	1048	495	284	477	150	465	357	860	231
1531	228	417	161	319	217	319	43	113	412	450	291	581	243	233	409	293	458	263	234	328	203	448	305	374	657	249	553	534	510	179
45851	487	773	141	237	493	382	4	149	877	107	681	742	715	294	296	684	279	393	881	474	250	635	363	320	765	473	413	679	445	411
831	154	240	41	99	89	165	19	44	376	49	201	360	199	79	141	295	177	53	255	180	80	187	136	154	123	89	173	222	164	136
43305	112	193	60	62	68	102	2	37	298	24	160	417	196	85	95	247	131	68	176	147	52	191	73	157	99	75	112	181	99	129
185008	105	217	49	60	67	78	14	38	306	27	184	369	188	49	79	313	122	62	191	162	78	199	84	154	89	98	134	248	101	118
2763670	509	586	148	186	273	5524	18	742	666	140	515	723	9795	4275	2169	19749	417	409	1892	435	139	650	704	302	581	546	356	656	15284	3552
84030	256	408	186	311	108	355	51	60	446	108	320	177	263	142	215	260	279	229	308	208	211	264	188	555	517	92	641	391	199	606
29375	127	119	44	61	93	116	16	61	200	117	145	210	133	69	103	191	136	100	157	142	103	201	132	102	159	87	168	152	103	83
29370	123	106	38	75	84	119	10	51	153	122	99	159	132	71	135	183	133	113	115	130	89	180	135	116	162	108	161	103	98	84
168384	314	374	102	287	243	259	76	106	564	132	302	376	318	425	429	401	205	364	314	280	132	376	210	225	663	179	456	262	478	285
1653434	301	180	304	179	2086	625	24	179	323	352	188	1182	214	235	1222	304	273	175	221	255	157	307	326	160	260	114	579	267	235	194
2696063	79	93	31	53	49	55	10	26	121	73	100	81	114	54	92	114	89	72	136	87	47	124	96	64	100	51	136	102	80	58
1727145	73	60	25	49	37	54	3	24	127	48	87	90	130	41	78	83	52	46	125	84	44	126	86	61	89	37	94	77	77	65
433286	74	101	37	41	60	52	2	29	117	51	93	133	94	42	52	117	66	35	97	81	41	123	103	59	106	37	106	98	78	56
3039116	62	95	30	62	48	77	5	11	147	42	87	135	108	44	94	154	68	46	106	85	57	129	83	70	84	55	114	128	91	68
2068655	281	406	63	140	139	168	16	42	398	61	216	263	240	227	218	416	94	155	182	154	79	213	114	212	214	114	455	222	281	227
185007	197	519	128	70	163	199	3	95	621	54	385	1054	500	127	106	937	335	103	250	365	136	364	179	409	166	158	182	456	177	260
2490855	103	120	36	76	79	81	12	43	247	86	148	162	136	71	136	206	143	102	145	123	55	227	110	92	179	80	118	154	100	122
617123	70	113	34	51	42	35	3	33	144	23	104	114	128	40	64	140	77	23	101	81	49	134	57	84	66	32	69	126	62	42
2763667	156	300	123	308	260	179	9	113	616	75	252	548	298	275	435	384	421	506	229	222	86	427	296	252	320	163	454	380	406	283
2763669	79	173	46	198	67	151	16	30	186	80	97	99	165	121	192	153	79	122	171	102	77	194	105	100	225	99	180	196	237	181
2709410	79	91	24	52	31	57	4	27	125	15	86	63	131	101	101	89	37	54	98	61	51	77	48	50	55	49	95	65	169	86
1679721	37	29	3	27	37	40	5	14	81	19	58	59	75	29	36	73	22	28	75	40	26	60	26	32	52	34	64	44	54	28
2929492	9943	1787	1737	3138	17287	428	305	697	2218	29	4097	105	1479	2232	1284	4235	588	675	11418	526	9523	441	128	468	139	129	10372	2300	1189	13665
2929494	8285	1666	2011	2903	4648	490	346	779	2096	27	4804	71	1384	1521	1083	5421	251	495	7183	662	8404	388	133	663	331	98	9590	2539	923	13389
2929488	4446	777	1328	1597	1706	415	176	308	854	98	5788	295	1022	1147	697	4537	274	264	2926	342	4331	392	138	377	148	73	4459	1231	543	5908
2929489	2153	1035	565	855	905	635	181	218	1500	75	5492	146	1399	1912	4636	1557	411	725	1438	3303	6264	322	85	752	108	104	1650	1430	1122	1428
2929491	1069	1092	2612	1909	1156	1217	200	695	1950	21	2248	56	2271	1209	2061	2981	286	209	3989	283	4521	252	73	522	63	63	2231	569	804	1901
2929493	926	6185	680	819	699	392	149	267	1083	37	1242	75	1700	7001	1071	1514	380	437	5600	429	977	404	133	339	127	87	1378	450	1044	7271
2929495	1043	1080	8923	7059	2724	4354	625	1686	3433	39	4290	56	5982	1778	5322	4498	364	424	5842	435	1350	208	104	388	120	61	3187	603	1205	4223
2929490	618	701	674	623	444	303	107	127	1133	6	2540	36	823	987	2875	1088	289	267	1047	2030	3858	175	65	647	201	38	767	1016	817	1130
853	18923	23040	40585	32841	29038	22745	10706	12127	45787	579	52087	915	21199	23485	67469	37669	39122	49598	33597	30418	44018	3171	1098	7108	2042	1102	37560	13140	55884	36269
411483	1069	1161	514	587	717	314	145	156	1823	93	5207	205	1511	2543	5018	1769	231	249	1711	4182	7224	314	236	892	1681	93	1080	1551	955	1016
1160721	16721	94	93	250	70	117	3	382	4021	24	18476	249	3396	3292	172	526	152	40	4985	190	74	100	36	68	61	41	238	143	368	1914
2564099	899	40	38	519	80	110	45	52	323	6	54	161	177	47	57	879	287	39	96	282	20	65	34	31	736	26	206	157	475	1710
1161942	469	54	97	76	83	105	4	73	180	9	572	20	238	303	315	418	74	68	405	25	37	95	54	41	55	8	40	37	457	575
438033	91	204	34	182	108	114	6	37	302	58	176	179	182	113	176	184	123	130	134	106	61	192	102	95	211	92	190	130	177	101
2714355	891	934	131	3178	89	512	24	343	2572	26	3260	47	2053	4144	1767	5697	78	5779	1479	159	496	4741	129	835	492	448	273	312	9347	2506
2714353	518	326	276	721	49	181	12	75	1179	10	1736	92	920	2168	417	2759	146	322	1222	140	300	347	216	249	340	60	135	67	6986	1115
292800	904	563	705	2463	3777	622	92	330	882	493	1263	1000	937	1988	1474	2115	1622	1865	631	6157	4042	6455	2287	679	1858	2932	3363	1649	2547	1198
1550024	746	398	346	1978	316	210	32	71	543	59	817	243	584	849	965	2398	387	1408	331	1109	124	1354	490	876	578	206	364	227	2934	342
169435	562	157	143	1668	137	228	41	95	858	96	354	131	282	609	452	594	807	417	320	916	160	1087	187	240	585	193	1038	633	791	460
2093857	353	467	1037	4280	290	432	20	165	2398	114	1269	862	1265	4307	912	2655	657	1089	840	2190	892	2887	512	1256	795	225	819	392	4753	1270
2108523	313	597	61	1362	203	233	8	70	1015	64	619	72	1162	1140	1808	1665	654	1565	347	1761	547	2987	781	305	1924	29	355	241	1191	372
2714358	261	399	231	764	111	164	21	102	527	72	602	94	533	1373	1024	853	265	282	362	1201	351	1354	289	291	354	95	232	193	1640	476
214851	211	1832	1124	1667	71	135	17	434	1284	50	1296	78	1752	4495	229	982	342	540	720	91	104	1261	264	156	240	243	2065	108	3069	678
2763056	151	219	132	368	83	79	14	63	754	12	581	29	505	692	215	967	626	219	348	144	323	227	59	94	172	95	203	120	1951	310
2994078	55	29	11	47	19	22	3	14	39	7	33	19	45	36	29	46	47	20	44	31	10	44	21	21	24	12	27	41	85	37
2766537	58	15	17	38	23	30	2	16	77	8	62	22	48	66	33	61	22	31	45	23	13	53	14	23	34	5	38	18	89	54
2666138	37	27	14	29	11	19	2	24	71	3	62	16	44	58	30	65	8	24	47	25	19	42	16	10	37	11	35	22	108	38
1981510	125	50	44	60	21	167	3	65	632	6	424	90	259	116	137	127	50	141	134	60	40	65	29	328	68	213	100	263	602	74
1796620	94	52	12	80	16	30	12	18	96	8	123	31	75	148	148	92	32	104	56	42	33	68	52	40	38	16	56	54	310	70
2780922	70	63	69	111	39	44	3	28	125	13	149	83	121	138	91	179	89	74	108	44	26	287	25	61	92	56	73	100	238	63
2488810	27	7	5	16	9	15	2	4	33	7	7	10	21	22	13	34	25	6	21	19	10	17	19	32	21	6	34	21	51	25
1521	10	5	7	18	5	3	4	3	53	24	14	25	19	4	14	13	8	3	22	14	8	14	13	7	10	3	12	23	23	10
2507162	43	32	5	33	10	12	3	11	47	7	41	13	44	58	20	36	11	40	30	8	20	22	11	16	30	14	28	29	102	24
2576756	42	27	7	31	9	21	2	15	68	10	48	22	31	52	25	56	26	20	41	24	17	42	14	12	14	20	18	19	112	34
253239	24	22	18	41	42	21	2	21	52	4	66	17	64	95	28	88	17	27	62	42	29	35	12	28	37	5	21	14	200	40
411486	912	670	341	1136	551	612	185	233	809	275	595	525	522	1496	1079	2240	763	716	648	849	785	1292	1136	560	1504	744	1051	1019	990	694
1042156	115	166	61	90	89	122	5	49	309	22	154	181	196	172	292	322	176	151	193	142	58	164	88	149	140	109	191	117	154	108
97138	37	19	12	19	17	14	4	15	42	13	19	44	23	45	52	48	24	18	31	40	20	62	49	28	40	15	51	29	86	23
2507159	12	6	3	5	3	11	3	17	15	10	11	13	20	6	11	10	2	3	18	8	5	12	18	11	6	9	11	11	27	9
1502	117	118	248	78	50	1423	14	84	170	95	114	103	330	410	154	293	281	44	818	212	153	115	686	132	125	389	102	168	254	72
1491	53	38	28	57	51	77	15	93	86	69	56	67	75	41	52	96	71	30	110	105	26	57	129	65	52	161	80	110	123	40
238834	20	32	8	13	17	33	4	11	48	29	22	28	24	18	19	20	35	6	31	15	11	36	46	21	19	23	26	35	38	19
1501	15	27	6	14	18	14	3	29	58	23	17	24	38	18	23	27	17	3	40	28	13	46	34	31	35	31	26	33	27	25
704125	13	10	14	3	6	26	2	20	27	5	24	15	16	7	8	16	9	5	24	19	8	20	36	7	6	44	19	27	35	15
154046	511	580	270	1609	376	686	77	336	564	354	425	487	371	367	909	610	666	1156	558	504	667	954	761	500	882	295	652	422	518	373
384636	148	138	50	72	67	129	27	37	266	117	115	157	156	65	120	165	137	98	135	130	67	187	113	137	161	100	162	134	101	74
2576307	10	4	6	5	4	2	2	3	21	25	11	28	15	9	11	14	4	4	9	26	6	10	10	19	4	2	9	11	15	9
3036945	19	13	5	23	15	11	2	5	27	9	18	6	21	74	10	25	10	11	17	19	7	14	20	13	10	12	16	12	79	18
1496	1439	1967	737	1359	711	767	150	394	1898	582	1897	1351	1257	1714	3289	1543	1616	1117	1038	1746	578	1222	1279	2621	1717	774	1823	1134	2223	1596
89152	18	13	10	15	13	25	3	9	47	48	30	40	29	12	21	25	31	1255	18	32	17	4284	39	41	32	14	15	5584	30	20
1505	5	6	5	4	7	12	2	10	17	26	6	8	24	18	15	7	9	4	39	8	6	33	30	19	37	56	15	16	48	10
39496	455	1513	513	464	3661	228	15	135	1428	178	416	496	580	1412	645	588	321	976	602	935	296	4624	1248	274	795	253	642	5278	1974	393
2841037	138	147	42	135	96	114	7	36	205	148	121	192	159	97	215	157	188	145	155	162	82	193	229	151	139	92	253	177	142	86
2841528	118	209	55	117	83	506	6	89	299	37	214	246	785	462	323	1388	107	109	417	161	57	186	113	167	143	130	178	203	1119	327
2764325	249	90	90	159	104	67	22	53	554	108	154	376	318	644	512	386	252	98	187	1088	250	642	492	796	550	125	310	262	288	445
1736	69	60	22	43	12	15	3	13	111	60	69	250	49	76	51	154	80	78	44	29	63	83	44	49	22	226	48	29	568	47
2041044	36	20	18	80	27	21	2	13	122	5	74	32	85	52	80	72	37	56	24	47	28	74	31	85	19	24	124	48	74	40
1297617	244	207	62	869	91	160	14	93	421	21	822	51	483	926	296	823	165	233	452	167	325	455	140	193	197	65	297	101	2648	511
2086584	239	174	63	333	153	137	9	73	295	166	219	155	202	205	226	207	137	274	142	162	102	236	194	136	183	80	186	187	285	127
2610895	229	180	53	366	266	137	14	63	233	59	370	56	345	468	2352	334	281	1224	213	296	322	1000	260	191	193	70	415	534	725	352
1776384	66	33	23	132	14	28	2	12	51	27	58	61	41	72	69	76	245	87	29	38	26	220	74	197	28	16	39	32	95	29
114527	22	30	41	22	15	6	45	18	64	119	44	43	55	12	26	31	37	22	33	26	125	33	67	26	44	180	8	15	117	82
626937	92	106	17	31	27	79	5	16	80	26	95	166	61	103	66	518	24	47	44	38	15	108	32	60	82	44	162	38	220	68
1185412	20	15	22	12	8	14	3	6	30	7	18	25	34	12	17	21	6	13	25	24	8	36	35	24	11	22	23	24	17	13
2478954	10276	29	22	49	28	10262	5	11	50	24	5688	39	9223	106	91	26	22	27	10045	23	14	137	8599	43	13	33	60	59	48	1893
100886	6838	65	61	54	25	5903	15	23	129	13	3029	45	4949	85	72	65	71	57	5353	30	10	54	5248	34	43	13	107	58	83	10142
1522	469	235	187	594	257	283	27	296	559	170	367	559	309	651	722	375	414	798	268	1025	555	417	1062	420	401	2060	396	358	958	316
1547	395	79	58	205	81	238	23	62	311	419	160	1201	181	195	325	248	830	272	111	172	339	168	181	110	354	239	97	99	200	76
29348	16	15	4	8	23	13	2	3	95	27	7	20	77	133	70	11	12	26	44	30	5	89	25	33	9	10	22	36	59	21
2583452	150	61	41	75	52	237	3	26	72	130	128	141	246	116	165	114	164	67	90	263	67	138	197	216	112	633	109	791	127	191
1796635	110	181	89	156	63	452	16	59	271	114	123	129	243	134	183	75	51	67	120	118	152	198	53	475	197	63	290	167	175	162
1982626	97	5179	1263	1397	1462	90	12	300	2180	30	345	40	277	1888	2739	369	67	1006	455	1524	48	3085	93	789	80	82	2293	1719	1978	121
39483	91	200	51	680	108	178	25	48	210	42	161	94	870	580	224	204	141	163	226	129	101	200	220	721	193	141	112	102	486	538
2944914	28	3	4	17	14	10	4	2	19	47	34	12	40	62	35	6	22	7	24	33	6	41	42	36	8	9	26	15	24	11
2487118	11	24	6	12	23	37	15	30	36	8	21	24	65	28	35	35	15	13	29	13	9	48	20	23	14	32	24	13	24	29
54914	1215	1217	1181	1199	1179	1205	1180	1207	1229	1196	1190	1218	1237	1239	1230	1250	1176	1207	1215	1195	1229	1203	1174	1237	1246	1209	1195	1205	1243	1200
1393	14	8	10	3	6	5	4	5	13	8	9	12	14	8	4	7	3	3	18	11	4	12	9	6	5	9	18	13	11	8
1451	626	643	579	625	606	643	533	585	689	580	653	612	684	688	654	698	581	606	657	635	601	653	634	665	673	631	619	639	746	688
3050112	4	6	2	5	5	6	3	20	13	5	3	13	12	8	2	7	2	5	13	4	2	3	6	7	5	12	5	3	3	4
521520	11	9	18	9	14	25	21	24	12	2	7	10	14	9	8	9	5	9	26	4	6	9	6	12	5	3	10	7	13	10
189426	8	16	4	10	7	7	4	16	8	7	9	4	4	33	12	5	8	12	7	9	11	12	5	2	9	5	9	5	7	7
1742359	894	892	893	927	926	916	899	892	938	917	893	935	910	930	936	900	933	884	942	852	922	921	902	947	921	906	912	919	953	933
2756	882	858	847	861	880	862	844	872	912	898	899	888	914	885	892	937	889	848	918	876	880	882	852	879	884	878	873	885	897	890
1639	13	18	11	13	11	10	8	10	19	3	8	8	13	8	9	12	3	7	9	3	2	11	6	7	4	7	28	10	9	12
1623	64	112	4597	34	26	1541	29	17	203	23	103	223	839	53	54	123	38	109	99	154	50	194	26	70	50	57	53	90	194	86
1304	232	1274	4784	385	3160	6264	5307	4026	1208	889	211	2789	6338	918	186	1082	4783	837	1458	1152	12216	1386	10432	18	3068	10039	842	145	4811	3003
1316408	11	69	147	12	223	882	382	220	131	107	19	419	477	48	4	15	175	50	40	48	787	67	807	30	157	686	63	3	321	86
2610896	8	98	183	12	225	973	548	305	146	102	23	518	627	71	8	33	249	69	47	46	869	96	948	45	133	908	76	9	394	78
1759399	4	11	19	2	24	72	128	143	33	51	7	60	68	6	36	4	43	6	23	29	73	13	70	48	12	270	14	12	33	122
1307	72	46	30	34	35	125	9	63	128	37	166	116	75	86	44	50	33	30	85	28	35	53	69	50	46	63	476	314	602	95
684066	50	44	60	38	77	153	104	83	54	58	42	107	98	56	47	44	78	53	52	54	150	44	163	48	48	132	49	37	87	52
1308	42	41	96	24	45	223	85	109	1590	20	20	80	109	5549	29	33	152	26	43	35	188	38	228	20	57	191	22	25	378	47
1305	22	42	23	9	38	32	157	86	21	236	8	85	275	28	6	18	11	8	33	13	35	29	126	12	84	103	19	20	57	56
1328	9	20	91	13	37	15	14	19	47	64	7	42	46	28	31	40	27	11	14	28	31	22	78	11	22	167	15	16	27	30
1303	19	22	42	13	46	66	146	140	52	218	4	123	72	18	19	14	68	16	62	30	54	32	98	58	63	167	26	26	39	58
1311	59	30	6	19	15	152	7	15	63	88	139	13	78	83	153	51	16	15	47	31	25	113	46	19	28	38	62	10	306	26
1156431	13	32	18	19	43	116	430	318	30	174	2	371	107	23	55	11	29	5	14	58	112	56	147	8	15	296	46	13	34	170
150055	11	11	22	3	6	308	9	14	24	6	11	10	14	38	2	2	181	9	24	2	22	17	48	4	12	29	12	9	48	18
1335	9	6	3	13	13	464	2	11	20	4	7	3	17	13	3	17	62	11	32	5	11	6	23	5	7	2	12	13	38	10
1313	8	21	37	6	44	33	46	22	17	193	9	173	17	13	9	14	27	6	33	23	12	32	55	5	18	75	24	18	17	18
1302	4	13	16	5	55	50	36	151	28	53	13	64	109	21	18	11	36	6	10	13	42	29	90	22	35	459	12	8	154	14
1318	2	89	180	22	325	2856	415	309	214	116	7	814	575	53	15	26	225	72	107	81	967	105	1716	98	176	932	70	19	831	95
1352	144	124	99	410	65	112	20	21	432	538	471	224	178	279	472	412	241	162	295	263	157	411	356	196	79	73	238	177	544	172
44008	29	17	13	18	41	40	3	3	18	11	13	59	20	29	30	7	19	15	27	38	5	53	17	40	20	20	48	45	11	21
46125	205	206	194	199	196	201	207	199	209	233	200	200	207	199	199	200	213	202	198	207	221	216	198	198	205	200	201	208	212	205
46124	2	12	6	2	41	19	123	67	31	77	4	123	66	10	6	8	30	6	16	33	12	14	32	55	19	101	32	22	14	17
437897	3920	25	5852	6232	14	13	2	14	14260	112781	6	23	844	11	8	12500	9	4125	21	22030	1598	13	18	4564	14809	15	16	35665	14	19
971	19	3	5	9	9	34	2	5	21	3	30	10	81	18	11	20	5	10	57	111	9	12	14	10	38	717	16	33	30	415
69823	9	28	8	45	3	30	5	7	26	5	24	16	94	44	13	20	7	16	73	117	20	23	7	14	39	773	13	39	71	471
626940	1758	842	4	15	13	25	2	11	2000	34	5215	3	5362	2666	15	33	4139	21	3441	12	5227	2427	6235	6761	6722	11	49	7084	46	1196
33025	14	75	1196	3153	3001	24	609	8790	44	689	24	1866	25	40	4408	4462	25	7842	21	1539	18	120	19	9	40	368	6788	10	17253	101
187327	12	20	60	9	7	20	153	2366	18	10	8	7183	63	26	48	44	15	235	17	36	31	10	43	54	49	53	5	307	24	368
2144175	20	11	10	15	15	29	6	7	298	7	24	13	53	40	21	29	11	15	22	84	18	16	14	13	10	34	21	17	48	40
907	14	13	16	13	16	38	3	4	17	9	14	20	1361	16	20	21	15	17	36	9593	3221	12	480	13	18	102	13	867	32	1941
423477	14	6	254	14	36	249	206	52	18	321	20	107	255	4	51	7	67	5	47	17	463	9	689	4	51	12611	52	6	121	89
1260	16	14	21	11	17	12	3	3	13	68	14	9	15	11	5	15	19	11	22	9	8	44	30	39	13	10	19	35	18	12
1680	2161	20	3159	9	2935	7	241	2012	231	5296	56	68044	21165	350	57	58	3	6763	564	35536	14	17	3	13	100	19	51	1915	6901	40
216816	141	31	4890	74	1089	47	38568	1683	6818	1093	99	15804	3842	101363	501	3045	279	114	31	26073	73	3670	169	61	308	4018	666	6552	7468	2157
1685	77	56	78	61	97	25	514	42	121	65	27	740	96	670	38	55	63	100	26	213	25	72	26	60	140	66	45	172	122	38
1686	64	7	312	4	1055	4	641	54	571	235	116	20199	143	1354	15	46	5	125	17	170	11	35	3	5	24	4	36	135	86	18
28026	46	20	3099	6	931	16	12393	261	8788	4540	1038	17764	204	14958	6	5	2	514	15	248	6	7	2	3	263	8	214	2064	188	10
2036	171	169	158	177	152	176	159	154	174	155	204	158	174	177	177	190	164	159	190	165	176	179	177	188	159	188	161	179	189	182
43675	31	31	75	15	92	232	551	261	120	521	16	207	98	44	50	15	155	11	93	81	140	10	190	41	59	632	532	11	51	126
119981	173	170	156	171	159	162	156	161	175	157	160	164	167	171	164	165	155	163	164	167	163	171	155	159	164	165	172	170	173	171
1660	32	165	242	215	169	318	528	137	85	902	165	564	438	108	153	105	274	156	166	423	259	148	538	301	417	1226	209	102	175	207
52773	2	6	12	6	7	10	27	3	2	28	8	14	11	3	11	4	10	6	9	17	6	2	27	16	9	58	7	4	5	5
1852377	6	12	10	12	10	12	22	5	12	68	4	14	18	5	16	4	20	18	12	29	31	15	39	6	32	62	6	9	16	13
74426	2523	14969	9577	7485	14495	11977	14653	12023	6690	3807	11203	15111	12653	43387	34866	9957	2752	12828	11483	11647	16944	9814	4957	3985	20979	4362	12027	22683	6534	8287
147206	8	27	18	15	136	49	144	14	23	328	29	891	210	124	51	24	59	20	32	1240	22	15	26	7	21	12	70	297	33	20
1871022	8	53	4	12	20	17	53	44	34	13	41	191	73	106	62	53	4	65	86	43	23	32	18	11	18	10	11	39	38	41
604330	6	20	6	22	25	13	20	32	24	7	55	44	76	84	42	32	6	41	63	20	30	13	8	6	21	28	18	58	64	31
712157	3	9	2	3	14	4	8	3	9	6	10	25	9	20	4	15	6	7	6	20	11	7	5	9	8	10	5	7	21	6
1335613	59	50	41	82	25	30	6	39	43	13	71	16	121	47	380	378	79	39	36	377	39	336	16	35	32	3	173	76	141	17
471189	24	98	34	754	81	110	12	24	40	18	178	22	109	134	176	84	11	64	42	106	89	108	48	43	52	199	35	53	142	18
84112	59	650	43	588	115	251	99	594	104	45	942	2922	160	252	1347	739	1719	2143	103	2815	172	1779	202	1177	2087	3511	2653	428	355	226
502558	8	30	28	22	11	8	12	3	53	9	99	11	41	26	52	62	6	11	24	5	14	8	20	4	19	7	5	23	60	10
2690837	3	48	45	91	33	11	12	21	37	13	62	27	75	62	63	43	14	35	18	13	24	60	27	12	46	19	20	26	45	19
1907662	16	17	16	87	16	31	11	6	81	3	88	6	143	164	110	121	6	12	65	53	32	73	44	26	85	20	8	80	95	95
1531429	11	20	25	12	32	15	6	5	27	2	30	13	55	25	28	27	3	17	21	6	11	4	24	10	20	10	2	22	71	21
79604	5	19	17	21	10	7	7	2	18	9	18	16	48	26	28	26	3	6	24	8	12	8	17	5	17	15	3	14	48	20
1870985	4	51	23	17	16	14	7	19	40	15	59	22	67	60	65	60	5	11	30	15	26	13	31	17	38	12	3	21	65	12
328692	132	126	135	139	128	120	134	138	144	135	142	135	130	141	138	141	133	129	136	140	129	128	141	127	127	135	132	144	151	138
46506	62727	2802	2688	47498	11964	1706	215	525	11106	93218	5759	185	1203	1803	17038	4168	25272	2183	4480	71237	3450	4057	29016	15351	6997	3741	25748	23200	1131	629
28111	16490	497	267	11993	912	112	74	235	3219	3529	3394	17423	1281	2257	223	1017	5786	414	339	755	1829	998	2514	2824	4514	730	3806	3599	1367	605
820	16828	2728	2386	21785	6608	1546	847	1613	13510	9620	8128	43547	5218	7493	68858	5801	31182	25215	1721	30480	2357	90584	16940	4160	7111	3677	30733	10824	1844	2441
2528203	1491	181	56	1298	526	171	109	55	940	1401	224	800	116	4424	1287	391	1487	1493	149	1869	175	3353	5910	400	1484	156	1885	1638	88	76
2763022	291	184	836	222	418	202	127	137	136	401	94	52	191	151	2913	249	1095	254	130	290	378	576	2951	447	605	349	598	527	496	469
556259	283	350	317	226	719	66	25	291	191	234	93	25	150	112	923	243	951	444	85	295	68	500	296	200	312	84	477	470	276	145
2847299	682	1594	944	358	360	727	3340	1719	112	458	1878	806	534	264	763	810	637	917	475	3464	769	951	686	1160	1312	631	460	782	411	1261
371601	5625	5008	3432	2922	2502	3281	5139	7230	1077	3498	7490	1079	3497	3737	7837	2808	11746	3139	2768	3698	5373	8128	13466	6953	5049	5454	3270	5959	1981	7901
818	3657	5681	9876	26477	3534	4741	12535	12187	4456	11809	10208	2074	4908	1492	11321	8333	13785	15820	5341	5651	6409	7284	9680	9165	3682	4720	16604	6356	3620	9642
2650157	2837	1519	2401	2137	843	1509	373	603	2943	3368	523	40	314	1303	401	2512	17618	5746	664	1707	387	12257	1967	1668	2596	669	11597	1572	1080	366
817	18593	8500	6109	33006	19026	6412	360	6115	12015	8766	11195	28126	4171	10031	15514	16404	15149	9864	5730	29650	3348	13106	38498	16137	21053	25924	42577	9365	9035	8981
674529	2416	514	528	1411	837	282	580	888	547	1966	531	509	1012	378	308	1034	2502	628	471	1446	481	1489	1682	691	1547	2800	1745	2648	261	469
28116	3639	2472	3288	4506	10762	539	2964	5692	3161	4206	3718	6009	3197	1301	18162	3161	8485	4300	2031	4374	2916	6337	4717	7052	4383	2693	3535	7047	4019	1570
291644	1644	3819	218	15028	3838	495	100	277	3785	2567	435	291	293	267	232	720	3667	687	186	882	251	527	3376	414	1241	632	6888	2012	86	168
329854	1107	342	219	9321	403	219	105	345	400	1616	672	51	338	117	4488	600	1134	232	114	652	292	911	1198	443	1430	298	876	1036	556	147
47678	1047	10300	3471	10559	1528	1574	359	2855	1510	3333	1019	173	3704	3124	7387	11095	38845	4990	457	10512	3289	9164	7118	2495	8196	1402	8721	4011	7103	1154
291645	928	999	836	654	536	623	1282	705	247	1123	1032	1237	442	543	181	1210	1733	1377	450	718	443	690	1460	1246	1183	494	1089	1342	4178	725
246787	685	650	248	19700	760	298	619	660	246	955	1166	814	297	571	718	637	936	8992	289	800	339	1607	6242	761	1901	888	1149	1104	686	257
290053	480	251	158	303	252	186	80	171	134	769	178	18	107	376	105	411	567	154	129	366	203	253	975	311	926	323	626	813	19	113
2715212	478	326	268	268	281	208	175	175	171	924	172	40	149	158	178	476	868	339	103	516	182	478	1198	203	775	333	939	939	530	171
1796613	365	216	68	902	290	125	62	219	236	503	190	224	141	213	255	351	634	205	61	329	141	377	1232	140	619	438	554	509	105	96
28113	337	164	124	129	338	66	18	37	74	602	243	22	101	139	54	418	314	45	183	311	225	167	716	306	626	280	476	670	24	148
28119	254	191	172	137	173	108	105	228	88	612	377	43	124	111	62	330	300	295	129	279	209	153	814	404	667	339	502	764	25	152
151276	90	98	73	64	46	31	174	184	15	114	33	3	115	21	3	142	260	67	58	99	60	60	264	212	239	126	135	269	2	37
821	69052	25194	10847	40565	2786	5909	13806	7139	22051	118912	4274	129541	8545	15407	115203	4560	86458	45484	3594	27593	2877	82816	36267	51061	22384	12405	91451	25054	34250	12433
387090	2483	1403	2742	1523	4093	748	3896	3099	855	11339	2009	6973	1713	236	198	4969	5708	41209	1311	5046	1369	976	12816	1460	7853	3957	7410	12072	279	1395
357276	2511	4300	1139	21893	31904	12395	1501	8547	33006	5126	11480	17938	1670	12452	2900	26133	27113	12170	4305	16681	2493	21237	25049	2265	3163	1411	3801	3631	1753	1819
376805	1122	579	346	553	1269	325	416	342	454	3210	461	215	328	346	544	1530	2209	443	265	1314	514	447	3863	392	3728	1230	2370	3838	115	361
823	10817	9322	1738	20398	6763	2316	2380	2898	5803	12982	1785	10756	2279	6329	8815	5355	11285	5720	2174	18816	7004	15895	14429	13016	11853	12417	11010	8494	3425	2462
46503	3638	1472	1362	736	1551	1000	196	213	610	2425	2143	558	2631	4843	6353	2190	3890	269	1443	1093	5620	1194	3081	2812	2396	3068	565	2374	628	748
328812	454	434	156	1225	160	222	143	175	164	467	127	1160	155	59	42	310	924	151	90	1571	234	301	550	230	355	422	335	541	357	134
387661	371	126	67	730	3065	45	41	1555	2033	462	212	174	147	95	621	549	397	1547	128	8189	404	113	855	831	933	222	2795	540	371	242
2685834	159	110	58	1426	99	135	233	78	72	362	112	25	385	77	53	189	1270	81	229	219	107	515	525	126	1115	140	563	1207	53	75
1217282	125	93	60	164	88	85	339	136	50	248	50	58	78	38	64	161	339	51	44	177	80	105	290	115	210	124	215	269	28	50
2913621	313	106	525	22	82	429	34	573	11	145	710	2	313	23	5	60	61	32	542	76	983	27	279	940	486	539	117	539	17	613
2937774	301	129	627	20	54	676	215	697	9	91	727	2	381	14	5	38	40	56	651	34	999	18	192	884	418	705	61	531	8	731
712471	245	29	276	13	12	273	21	328	8	30	374	5	249	37	11	26	33	7	318	17	516	8	155	570	164	364	31	376	12	406
28131	1044	1305	779	66	117	634	3134	2981	42	117	1288	20	943	25	23	96	144	100	1060	77	1764	39	491	1484	711	1080	140	943	25	1603
28132	635	716	1890	96	761	2124	2106	3887	40	137	1766	6	1035	24	16	152	266	456	2036	142	3164	69	480	2020	2617	1429	179	988	47	1918
839	430	364	1257	16	213	1098	432	1264	26	177	1178	16	781	26	13	89	51	127	1037	84	1898	42	303	1443	919	879	135	833	32	1250
77095	351	416	901	40	403	1639	1544	2189	20	77	865	7	534	22	11	93	116	815	1144	65	1500	30	283	1159	1298	724	70	358	89	1003
52227	349	226	774	27	727	813	292	1082	14	48	1005	11	805	63	4	106	55	113	1050	35	1744	15	270	1720	574	1151	64	858	40	1286
589436	323	82	585	66	53	432	133	746	41	128	733	12	359	38	17	45	43	56	495	66	936	43	198	851	589	554	118	696	7	546
28129	312	247	796	19	291	1026	401	2337	12	116	907	6	764	23	9	59	60	158	989	57	1515	14	236	1065	565	1174	92	574	41	1131
1177574	248	427	1604	26	399	672	1511	2635	17	91	1379	4	643	5	4	297	66	564	984	43	1594	19	193	1077	637	687	42	503	61	1036
28125	195	547	597	13	392	673	228	1214	14	155	594	6	339	6	10	26	34	250	610	28	939	7	141	687	1869	604	27	228	19	626
28128	155	184	385	82	111	375	212	1690	5	113	503	5	574	15	23	102	48	98	640	92	771	13	139	591	355	1090	31	584	4	1058
2801997	129	131	353	8	149	970	150	792	9	57	439	15	195	10	4	58	54	36	531	40	691	9	116	404	576	281	33	218	2	355
470565	137	275	328	6	127	176	143	467	16	34	278	3	172	3	2	42	30	124	249	18	391	2	74	380	394	165	17	183	11	283
454154	2553	1160	2822	7078	7176	786	322	1010	1354	421	1270	45	2638	2160	18	4270	2677	361	1624	145	2479	956	1680	1459	277	2543	6425	6047	24	1251
454155	780	318	216	1594	1375	176	31	1055	266	353	202	23	337	113	731	869	330	238	360	347	532	354	585	239	397	451	1740	1176	51	109
165179	1169	185154	211801	162	225548	153230	363692	208473	100	200	57293	52	85014	4047	56	31614	211	140799	88986	122	117798	49	665	122343	60178	59058	147	1548	8656	123238
28127	608	960	691	55	95	568	2307	2325	10	177	1460	17	719	34	15	101	304	546	1123	57	1953	26	375	1509	664	1254	63	584	8	1684
76123	148	71	209	20	11	137	109	327	12	62	281	5	136	5	2	35	43	5	239	40	480	9	147	339	315	230	24	286	7	271
214856	1352	568	425	3457	2137	420	415	753	587	452	565	10	314	10694	1224	1723	782	4429	433	6486	758	275	1055	1384	2824	469	1040	328	1040	743
2585118	1028	422	578	1358	44	203	31	130	853	58	2001	14	455	1284	2066	3090	1217	788	411	2313	85	178	597	275	446	413	923	308	1536	445
328814	752	2079	103	3052	13	384	6	68	625	63	991	57	1272	5283	3115	5632	4610	3602	472	1784	306	544	3371	863	228	190	5253	416	942	351
2364787	472	2637	1432	500	101	921	4516	4240	115	82	2141	5	696	382	463	644	190	1251	831	712	837	78	338	1758	179	163	272	979	480	2378
328813	409	480	660	5682	92	79	21	59	3256	307	2865	21	630	1825	1207	4042	1295	1115	81	1860	88	407	1720	314	2531	88	839	299	8383	119
538949	84	225	110	312	41	106	79	56	144	101	199	6	30	468	527	437	283	458	40	694	81	64	328	93	130	84	329	144	323	53
2585119	84	203	159	1100	561	35	4	21	251	48	260	9	687	587	616	529	381	493	33	701	78	1795	345	117	199	40	304	136	975	60
28118	3187	1198	79	1857	639	107	131	575	1632	154	2687	262	798	2033	2745	3298	3980	2545	784	622	1748	1261	1935	1230	479	569	2874	959	150	1168
2093856	1004	184	115	1770	363	40	43	1610	220	83	263	7	927	80	110	240	307	381	301	504	469	224	415	245	303	1362	467	441	282	1882
544645	266	948	32	2691	34	129	42	95	592	175	779	96	765	1020	20	2015	826	1128	558	1405	322	1291	352	1260	588	224	1131	1058	1343	594
2530390	150	47	126	303	42	74	25	147	24	148	186	34	72	64	29	96	48	23	148	43	153	10	208	224	272	123	66	140	195	178
1796646	105	45	44	684	23	18	50	59	10	75	119	5	46	22	28	63	79	11	63	33	125	13	143	236	44	251	54	126	80	115
2606626	108	51	368	47	39	151	389	585	25	13	291	3	139	17	7	48	33	50	297	8	296	33	151	773	293	485	21	190	60	457
2518971	99	29	82	125	62	54	4	91	14	106	97	36	36	24	16	128	100	100	95	61	101	36	131	149	88	148	72	129	142	87
397865	246	78	186	424	262	132	5	86	99	540	200	7	91	141	736	328	226	398	128	695	172	238	559	230	189	268	455	636	61	113
1099853	92	16	97	381	22	8	7	122	442	118	30	155	25	179	143	600	178	138	18	51	40	2361	175	47	219	100	134	271	564	29
322095	19	18	21	294	27	56	32	65	7	32	35	2	37	9	10	19	51	28	29	4	17	12	37	45	28	83	19	28	9	11
1642646	162	107	17	68	80	21	59	226	23	139	61	28	38	11	25	69	25	115	224	74	331	35	130	143	84	367	219	158	33	294
185300	13	18	3	22	16	10	46	5	7	41	28	2	8	10	4	28	74	13	11	25	18	18	83	31	73	34	60	76	2	8
1717717	6	15	15	9	6	4	15	51	5	13	15	3	19	8	4	8	15	9	13	10	26	5	19	17	25	14	7	19	5	17
3003260	178	148	146	175	150	158	144	157	159	156	162	154	166	161	143	140	193	139	152	159	161	164	170	149	179	173	170	158	162	162
28251	17	8	7	7	8	16	18	6	7	10	16	2	10	11	12	22	21	5	14	26	29	14	112	23	91	13	9	24	5	14
1653831	9	12	5	5	14	14	11	5	9	7	12	7	7	9	3	15	20	7	18	25	4	16	17	19	18	12	12	24	12	12
2910158	342	333	373	334	336	347	329	337	336	347	327	336	347	323	322	357	319	329	323	333	322	334	335	339	322	340	327	341	327	330
1411316	4	8	9	8	26	36	4	17	5	29	15	3	7	3	8	14	6	4	7	14	9	5	25	25	47	26	27	12	2	25
945844	287	287	282	290	266	278	269	273	292	291	289	275	277	272	280	276	283	303	289	282	277	295	291	291	286	287	285	287	294	288
2728021	220	235	237	222	231	224	223	219	233	234	236	228	233	227	229	226	224	242	223	238	227	234	242	230	227	229	232	232	239	222
29581	201	192	207	210	212	209	208	204	206	239	200	188	221	206	194	204	196	213	208	202	208	217	240	203	219	197	208	193	219	212
80842	69	76	68	69	67	74	64	62	72	60	66	65	77	73	65	71	66	69	76	73	77	79	71	67	68	67	64	69	78	68
80866	536	595	488	608	451	471	442	431	535	587	493	422	473	602	464	544	460	541	465	491	503	523	552	568	503	465	478	635	469	487
37448	31	38	33	31	32	33	38	36	30	38	39	38	35	36	38	39	39	40	34	40	31	37	39	35	35	35	35	34	45	30
34073	17	12	22	15	6	6	8	11	16	25	43	3	28	41	5	14	5	15	14	14	16	13	20	28	15	9	10	34	44	10
367825	422	424	389	421	379	399	394	390	415	436	414	400	405	407	375	402	410	421	403	432	440	423	444	424	417	412	380	404	423	435
1852381	53	90	69	26	3	55	46	3	44	175	384	9	41	6	3	4	112	251	22	115	136	369	200	81	16	23	12	74	6	25
76731	270	286	286	291	275	281	286	277	273	298	294	279	283	297	282	276	283	290	278	296	300	293	297	293	285	290	280	293	283	292
215580	154	167	157	161	136	149	152	149	170	173	161	146	151	165	149	152	147	169	158	175	183	172	180	166	163	154	157	171	155	150
1296669	382	413	388	404	389	384	390	376	401	428	391	389	392	401	393	400	396	407	390	410	434	424	429	384	375	399	395	411	393	401
562	110	91	4283	82	13344	11361	3067	1386	805	774	2343	59494	804	551	4405	1334	137	1941	6255	7391	1613	9204	22030	1026	418	111985	3287	209	8648	2828
550	15	10	295	16	10	51	19	29	72	185	151	60	6264	9	172	21	56	13	1236	276	506	13	17	16	82	66	8	24	204	1501
28901	8	20	88	20	36	175	46	24	66	3	90	123	359	169	33	25	22	46	67	46	173	44	312	122	78	1123	35	33	193	49
582	8	13	11	4	11	16	4	6	11	12	13	3	11	8	8	19	8	4	17	10	5	11	21	21	11	14	11	11	15	13
465797	179	218	179	217	205	171	206	186	225	201	187	176	192	214	180	198	193	166	177	162	185	166	193	204	197	159	174	254	162	195
45610	80	71	72	77	76	78	70	74	76	79	81	72	68	74	79	76	71	74	82	70	77	74	78	77	74	75	79	78	72	83
294	24	7	15	6	6	10	2	5	26	14	27	16	14	16	17	15	8	9	13	18	19	29	30	19	18	14	6	27	25	15
316	5	17	14	19	5	14	4	22	22	7	17	2	14	16	18	17	4	9	23	14	18	11	11	13	4	17	23	18	24	23
729	214	67	634	8	79	669	1473	49	306	2363	108	38	933	7	12	16	39	73	110	5	4515	9	962	12	3073	9811	399	18	70	2028
83771	8	3	14	6	5295	11	11	18	25	6	15	8	26	8	8	7	6	9	936	13	10	10	12	20	10	11	7	21	8	15
2041385	554	570	533	558	538	544	520	530	558	546	581	525	567	574	561	563	508	550	559	560	585	565	553	544	538	570	562	565	611	564
290	161	172	166	168	165	169	162	162	169	169	179	162	172	167	172	161	162	168	175	169	173	177	169	179	178	172	171	163	174	181
1325095	106	111	113	119	107	115	106	110	128	119	126	105	112	124	118	130	104	119	113	118	129	113	123	114	117	118	123	104	117	130
151416	116	106	108	114	112	112	101	109	119	112	108	106	116	114	109	114	111	109	108	114	115	108	115	111	103	116	120	117	121	114
135719	199	208	181	218	163	203	161	177	226	174	218	162	229	229	189	249	161	199	207	182	229	224	187	205	189	215	197	209	250	252
901	684	56	10	86	83	7	4	55	1212	10	29	43	1344	2679	69	46	37	1596	1392	3310	1068	170	1119	2009	1025	15	100	1474	45	14
197	48	272	61	50	152	150	4	110	172	51	231	182	110	1483	28	1119	324	104	80	174	331	347	204	263	81	147	82	295	211	64
