	SRR23389262_bracken_species	SRR23389263_bracken_species	SRR23389264_bracken_species	SRR23389265_bracken_species	SRR23389266_bracken_species	SRR23389267_bracken_species	SRR23389268_bracken_species	SRR23389269_bracken_species	SRR23389270_bracken_species	SRR23389272_bracken_species	SRR23389273_bracken_species	SRR23389274_bracken_species	SRR23389275_bracken_species	SRR23389276_bracken_species	SRR23389277_bracken_species	SRR23389278_bracken_species	SRR23389279_bracken_species	SRR23389280_bracken_species	SRR23389281_bracken_species	SRR23389283_bracken_species	SRR23389284_bracken_species	SRR23389285_bracken_species	SRR23389291_bracken_species	SRR23389292_bracken_species	SRR23389293_bracken_species	SRR23389294_bracken_species	SRR23389295_bracken_species	SRR23389297_bracken_species	SRR23389298_bracken_species	SRR23389299_bracken_species	SRR23389300_bracken_species	SRR23389301_bracken_species	SRR23389302_bracken_species	SRR23389303_bracken_species	SRR23389304_bracken_species	SRR23389305_bracken_species	SRR23389306_bracken_species	SRR23389308_bracken_species	SRR23389309_bracken_species	SRR23389310_bracken_species	SRR23389311_bracken_species	SRR23389312_bracken_species	SRR23389313_bracken_species	SRR23389314_bracken_species	SRR23389315_bracken_species	SRR23389316_bracken_species	SRR23389317_bracken_species	SRR23389319_bracken_species	SRR23389320_bracken_species	SRR23389321_bracken_species
418240	47149	47300	10663	49896	17206	22947	21552	18667	56848	12507	20056	19625	29821	72142	28455	35172	54295	72441	25343	29342	29763	41864	14335	10592	19962	6720	33262	33940	40449	23680	49216	14692	21015	27174	16960	14366	32574	8918	11621	72211	20032	28466	20078	33752	54086	40657	29345	21683	10644	31067
2479767	4178	5558	837	15555	2764	17649	516	3103	11871	585	8927	1923	6920	6546	2584	4231	15478	1509	10337	11933	831	1656	3154	1868	12715	7803	4926	5147	7216	2826	2262	748	1784	1869	7701	8374	4605	2550	1241	1617	7013	14242	3705	748	3641	1970	7539	6119	5875	1051
2877527	239	271	86	267	237	240	26	61	770	583	221	779	294	223	471	480	1141	382	267	215	729	495	549	261	329	395	644	623	416	255	408	145	136	324	279	200	415	207	200	602	316	329	196	375	476	200	254	405	191	280
2860051	4468	1881	0	13553	0	0	0	0	11460	0	2932	0	6761	3395	4122	2744	0	0	4366	8179	1937	3005	2874	2122	0	2125	2816	1945	2875	1850	2010	0	2299	1307	4433	1959	0	2563	1885	2166	2881	6716	2716	0	2618	2285	4719	1925	6015	0
40520	4098	8085	3933	17809	3335	3867	657	6938	14863	1562	9213	4019	8682	15713	21013	12055	7376	3610	11988	5775	2831	5608	2677	3714	6367	2101	5876	3164	7420	11858	4175	1998	4980	3147	11194	3024	3784	4962	5292	3427	7125	16758	7751	3337	7502	14112	14563	7987	8564	3155
1796616	384	446	184	392	388	298	36	129	792	134	405	505	415	396	400	617	505	659	384	662	297	587	505	657	434	282	444	578	352	277	464	126	178	162	394	274	482	325	254	543	461	530	215	2223	449	348	470	539	345	257
33035	360	513	155	511	536	398	22	157	729	452	297	1153	398	440	586	558	771	631	423	433	325	714	831	535	1041	221	714	614	368	308	458	340	227	508	428	340	598	400	294	501	503	547	337	493	464	394	380	523	364	656
1912897	301	429	181	324	269	322	33	111	807	994	311	1649	420	329	1738	571	810	657	370	612	249	1205	1360	343	735	499	959	705	423	207	630	764	264	1143	443	242	914	242	277	3106	725	519	212	326	601	294	394	749	296	820
1322	296	662	167	413	540	357	16	97	644	966	324	2458	318	337	3041	589	786	3464	372	1278	1816	1985	1130	464	1246	291	838	3829	453	266	576	16022	341	4370	424	231	4723	351	391	995	583	564	297	424	857	296	344	570	304	656
2779518	222	266	65	90	144	169	10	50	261	64	175	210	206	227	201	451	98	136	152	169	71	209	154	182	256	89	425	203	180	143	200	68	133	205	176	226	183	144	197	160	251	206	80	108	191	129	146	156	173	148
39485	27567	12583	17775	155	8489	29592	16	658	2334	122	22203	8477	3779	1912	3517	1314	3608	7943	3763	2192	6036	8927	10448	9867	3678	2245	6126	6035	11715	10050	776	3300	5147	154	34150	10708	1696	5620	3250	353	4251	19314	7740	13015	23241	11078	13437	9755	2092	502
2763672	27089	16063	2063	7049	1455	14299	40	994	7993	314	7966	3058	12702	2374	4116	12142	4243	14168	4189	1086	2294	1725	3823	3619	4436	902	1139	1804	4620	18703	1636	547	1714	451	3839	2137	975	6336	4388	611	3247	4168	37485	634	4244	5464	9576	3738	1419	1220
166486	13016	4680	22542	4584	4631	4494	184	1938	21953	1205	7077	9361	11821	3617	7880	6538	10626	3690	4538	8723	5905	24138	4554	4557	70503	20264	6198	6779	4089	4583	9837	1383	8262	15718	12086	5201	5906	17872	7660	2242	16287	13417	9043	6301	22360	4412	12084	19231	5686	6515
301301	1811	2723	1046	1113	1677	3931	219	737	4243	455	4199	2456	3550	1783	2930	3252	1319	3687	2704	2066	1279	3054	1599	6664	2068	2040	3588	2729	4005	2414	4144	527	629	709	3586	2510	1273	3004	4670	938	2448	5540	2540	1813	10839	4687	2853	1756	2213	4364
2763062	1436	1066	1193	550	852	1075	43	446	4339	356	1556	1402	1864	685	882	1371	1031	788	4188	1471	841	2973	3926	1437	3854	1982	1919	1320	642	892	1797	617	732	666	1880	884	960	1639	1655	546	16598	1850	9367	8749	2324	4562	1710	2066	771	1286
39488	11593	5918	4056	8541	5960	6772	146	4077	12536	434	6694	2135	7202	10997	8969	7889	2186	8555	6273	5162	2752	6956	932	3772	7573	953	5380	3652	9145	4502	9120	1295	3835	938	23041	4535	2018	4140	7027	10532	4101	10847	8475	1236	11281	9268	9924	6604	6324	7079
410072	8812	6386	2606	4339	7482	840	465	3714	4649	1191	5649	1391	3965	8135	22449	3057	2010	12145	6490	6649	774	8921	1209	1982	4348	4241	1526	1334	2466	5723	2618	1137	1213	1161	1149	874	9115	3140	2442	1001	8190	4465	1686	794	1459	5696	4682	17999	4771	2357
116085	1077	2268	1574	4263	801	956	122	1003	6693	585	2942	1033	2492	4311	2524	3585	778	1436	2852	1071	1044	3129	746	1912	1401	1194	951	1944	2792	1775	1331	819	755	839	2746	4455	1328	1501	2039	948	2853	5917	3594	768	1077	2125	1339	2770	2529	849
33043	665	506	120	226	208	347	62	84	675	134	502	856	852	1350	1468	937	423	218	1104	415	147	512	293	359	436	130	304	477	46842	626	518	123	230	225	503	465	227	1397	36772	184	492	599	976	2241	964	3300	530	363	416	356
751585	261	465	162	667	202	248	10	140	693	59	398	886	1924	7656	6902	738	168	134	1700	302	216	276	142	338	180	185	298	410	3212	2499	354	69	699	111	623	305	116	3328	3236	194	508	1290	2591	12048	811	21631	269	238	470	380
649756	8314	17753	5492	40007	1746	28391	137	3238	28113	3260	4158	29742	3307	35256	23443	5815	37622	9069	4570	6542	5747	18289	2077	1493	3323	20784	13667	3777	12575	1466	21454	1041	1982	794	5978	5336	10549	1585	4595	28854	3592	13263	2111	570	15991	3780	12738	4618	4868	4369
105841	77	111	35	104	75	109	6	31	160	78	95	164	102	71	83	121	98	95	136	146	100	141	238	154	98	66	167	184	135	72	118	40	46	139	131	83	102	92	106	134	107	107	89	421	156	74	164	134	95	447
1229621	55	83	28	59	51	78	2	32	154	64	85	137	78	58	108	115	95	72	100	130	55	133	104	79	123	48	97	108	70	53	118	37	48	34	113	43	88	96	71	78	87	77	80	144	127	56	77	118	110	74
33038	5534	1987	1815	2671	2054	3832	286	1387	4711	35781	2115	19813	2079	2668	8897	3525	13033	6084	1654	3773	2555	3971	25872	4874	5117	7597	10783	15689	1829	1369	2354	8573	4441	22761	2218	1276	13410	2219	1118	39356	2104	2971	1082	4208	6804	1865	2459	12087	1747	8941
33039	1087	18390	10617	2223	646	1245	168	4444	18784	57186	1425	7530	3732	19920	12098	1483	958	1092	8744	10317	16209	32794	856	15029	1802	6819	2134	20019	4917	8183	1756	27192	2141	37767	4515	9069	4841	6765	4144	1822	10902	5191	7318	644	1849	4683	5593	29414	8797	1831
46228	607	991	282	705	466	4554	49	3121	20421	955	1131	710	6096	9255	966	5763	482	17992	4550	8753	509	10317	692	630	656	450	924	779	10242	7573	717	762	582	836	792	568	10906	680	891	689	5153	4116	4745	365	863	9679	700	1053	768	650
88431	2342	11865	8061	12286	1323	1607	431	7395	20526	1935	14652	11932	12583	10488	12968	10303	1607	2164	9273	11606	11789	8928	7711	8681	7050	1210	2691	3902	7779	6007	6425	1870	4657	3408	7552	7292	4130	9661	5570	16087	12906	8922	5228	1123	5950	11106	11256	12307	11429	2319
39486	1666	3683	3157	3404	591	3348	109	1188	3983	715	2810	1145	3869	2971	3320	2295	680	3331	4727	2501	453	4132	3063	3382	2669	4605	1102	1344	2393	1630	2583	1480	4492	3028	2061	4386	1503	3200	1803	886	3777	3024	3086	535	2164	4066	3068	1268	1715	1022
29347	1000	978	674	1137	1998	710	98	267	2457	1600	1087	1415	743	807	1242	1046	2600	1138	588	1118	584	1356	1995	1134	1090	722	8990	1377	889	683	551	723	498	1585	856	721	898	513	396	1935	906	1164	472	495	1439	612	692	1400	2304	1710
89153	222	282	77	271	140	173	12	37	271	263	146	237	138	214	249	190	150	227	205	181	149	264	317	132	186	95	590	205	260	95	186	95	83	233	281	166	287	247	106	229	183	217	127	2358	270	325	177	402	245	232
1871021	222	182	70	168	126	157	30	68	348	130	253	435	252	221	447	359	229	255	201	181	116	291	239	159	275	209	315	273	287	137	197	80	117	138	237	231	239	279	186	203	194	236	131	404	282	191	243	252	452	268
66219	57	55	16	43	48	41	4	26	142	30	87	63	146	44	60	79	56	26	100	64	37	96	104	53	45	62	102	69	87	57	147	51	47	24	95	63	93	95	70	34	60	88	99	98	124	58	110	50	53	94
208479	764	484	310	1088	1652	644	90	322	597	863	372	4152	341	697	1007	1178	3562	1348	471	1276	1551	1087	3369	935	891	482	2742	1099	1087	285	775	124	239	1275	830	614	1779	414	281	11663	476	660	324	4508	950	496	454	1159	808	1506
333367	391	252	148	672	333	188	39	162	514	269	383	527	239	675	543	564	754	516	261	475	651	1048	500	285	479	150	468	361	860	232	512	58	96	558	633	363	537	340	189	1009	266	370	494	1784	529	454	319	527	619	337
1531	228	420	161	322	219	322	43	117	412	451	293	582	243	233	412	297	458	264	236	328	203	447	308	375	658	249	559	546	510	179	528	65	85	387	414	263	304	256	156	713	195	425	227	275	471	306	262	454	391	246
45851	488	782	141	239	499	385	4	152	877	107	684	746	720	294	298	683	277	393	893	474	250	635	370	322	766	475	421	691	444	411	535	207	290	170	783	402	292	3498	665	182	666	696	677	591	1216	369	834	420	530	560
831	154	244	41	99	89	167	19	44	375	50	202	361	201	78	141	296	180	53	258	182	80	186	137	155	123	90	173	226	164	137	156	75	98	66	262	156	139	217	293	66	296	253	176	162	430	129	216	95	197	102
43305	112	197	61	62	70	102	2	37	298	24	160	417	196	85	95	247	132	69	178	147	52	191	73	157	99	75	114	184	99	129	146	49	61	37	192	131	97	138	254	61	230	251	140	101	329	103	162	90	176	121
185008	105	219	50	60	68	78	14	38	306	27	184	372	188	49	79	314	123	62	194	163	78	199	85	154	89	98	133	251	103	117	210	83	82	35	221	162	137	166	252	30	248	241	126	117	366	89	218	69	197	113
2763670	510	589	149	187	275	5582	18	753	666	140	520	727	9849	4272	2180	19852	419	412	1916	436	140	649	710	303	582	548	363	661	15300	3560	484	189	162	181	41361	303	231	6507	988	259	962	5006	2898	276	845	4850	720	462	476	370
84030	256	412	188	311	108	361	51	61	446	108	321	177	265	142	216	260	280	229	311	208	215	263	189	554	518	92	648	399	199	607	351	71	231	274	505	298	146	191	144	267	387	275	134	91	377	142	596	188	281	391
29375	127	119	44	61	93	119	16	62	200	118	146	210	135	69	103	191	139	100	159	143	103	200	135	102	159	87	173	150	103	84	220	58	50	65	142	94	138	123	115	134	132	139	109	86	212	84	101	127	96	130
29370	123	107	38	75	84	120	10	52	153	122	100	160	134	71	135	183	134	114	115	133	90	180	137	116	162	108	162	105	99	86	260	38	47	55	139	58	186	81	89	121	105	126	89	68	149	91	105	125	91	115
168384	314	376	101	288	246	261	77	108	564	132	303	379	320	425	432	406	205	366	320	280	133	376	210	225	665	179	462	266	479	284	426	98	137	127	518	231	318	264	219	266	309	488	202	212	441	277	289	450	311	299
1653434	302	182	306	181	2100	632	24	182	323	354	188	1189	215	235	1224	308	274	177	221	258	157	307	328	160	262	114	590	273	235	193	275	169	139	423	249	152	350	192	175	353	262	256	177	441	336	249	284	421	238	4558
2696063	79	94	31	53	49	57	10	27	121	73	100	81	114	54	92	115	89	72	136	87	47	124	97	65	100	51	138	103	80	58	102	59	51	60	93	69	112	91	53	71	71	85	74	86	99	82	100	97	70	89
1727145	73	61	25	50	37	54	3	24	127	48	88	90	131	41	78	83	54	46	126	84	44	126	86	61	89	37	94	76	77	65	97	48	77	27	116	55	82	99	76	56	95	98	61	91	109	68	107	57	77	84
433286	74	101	37	41	61	52	2	29	117	51	94	134	97	42	52	117	67	35	98	81	41	123	105	59	106	37	108	100	78	56	76	37	46	38	100	64	67	107	85	57	108	127	79	77	114	63	94	114	76	76
3039116	62	97	30	63	48	77	5	11	147	42	87	135	108	44	95	156	68	46	107	85	57	129	83	70	84	55	115	130	91	68	95	56	56	42	136	75	84	87	94	59	103	105	108	93	158	72	65	86	81	53
2068655	281	409	63	141	139	169	16	42	398	61	217	266	241	227	218	417	95	155	183	154	80	213	114	214	215	114	462	223	281	227	238	103	179	173	239	288	202	160	146	183	339	297	146	110	248	214	154	140	282	183
185007	197	522	131	71	166	200	3	95	621	54	387	1057	503	127	107	940	335	106	251	367	136	364	180	409	166	158	183	460	177	260	287	107	138	76	347	366	106	393	595	47	655	514	176	244	975	174	435	175	392	212
2490855	104	120	36	77	81	81	12	43	247	86	148	162	137	71	136	207	143	102	146	123	55	227	111	92	180	80	119	157	100	122	174	92	79	70	135	108	110	146	115	59	135	135	96	106	184	93	168	133	98	106
617123	70	113	34	50	43	38	3	33	144	23	105	114	128	40	65	140	78	23	104	82	49	133	57	84	66	32	69	126	62	42	86	43	69	22	133	81	97	80	154	28	152	114	60	84	156	55	74	46	92	60
2763667	156	305	126	309	264	179	9	113	616	75	252	548	302	275	435	385	422	509	228	222	87	427	298	252	322	164	460	387	407	283	298	268	98	170	305	291	330	203	235	280	326	394	223	150	498	196	223	384	343	120
2763669	79	173	46	199	67	152	16	30	186	80	97	99	166	121	192	153	80	122	173	102	77	194	105	100	226	99	183	203	237	182	196	29	52	114	220	140	155	135	86	116	82	153	138	63	212	203	171	165	246	88
2709410	79	92	25	52	31	58	4	27	125	15	86	63	132	101	102	89	37	54	102	61	51	77	49	50	56	49	94	65	169	86	93	21	27	18	165	72	53	117	69	50	86	96	75	54	93	94	81	85	149	52
2785025	76	85	21	50	37	59	0	21	117	52	88	110	108	43	77	124	57	24	121	112	48	107	139	47	84	46	111	113	69	46	148	65	55	40	112	60	149	87	67	46	89	117	78	90	150	78	97	91	65	108
28446	63	61	11	55	64	40	0	28	68	14	29	32	52	55	62	55	84	56	53	37	29	146	177	49	69	21	112	60	57	47	126	9	25	32	27	60	34	49	33	72	52	92	31	33	28	51	81	108	33	91
1679721	37	29	3	27	38	42	5	14	81	19	60	59	75	29	36	73	23	28	75	40	26	60	27	32	52	34	66	45	54	28	99	15	32	9	66	54	72	64	59	25	56	65	34	54	93	44	70	37	64	40
2934315	23	13	8	22	11	14	0	2	35	8	16	25	17	13	14	33	26	7	19	16	10	21	13	9	4	4	32	32	32	17	25	6	7	13	34	23	26	20	15	20	21	37	17	20	14	17	26	23	36	16
36835	9	7	2	8	11	5	0	0	22	20	11	9	18	8	29	24	7	2	10	20	6	9	22	12	33	2	11	22	13	7	377	11	7	9	15	13	28	21	16	2	9	25	24	22	15	10	13	11	24	7
2929492	9970	1806	1754	3162	17414	432	305	705	2218	29	4133	105	1489	2231	1290	4260	589	681	11530	528	9565	439	128	468	139	131	10483	2335	1190	13687	2312	1139	1091	295	3720	1277	350	1562	1068	167	1811	2794	5031	662	1235	5965	3791	592	5251	7544
2929494	8302	1681	2023	2928	4696	499	348	786	2095	27	4841	71	1393	1521	1085	5442	251	501	7241	665	8439	388	134	667	330	98	9697	2574	925	13421	1869	985	1119	426	4006	1150	244	1802	1140	154	1973	2628	4583	515	1072	4793	4039	386	1907	8910
2929488	4462	787	1345	1609	1724	421	179	308	854	98	5848	296	1021	1147	699	4559	272	264	2954	348	4339	392	141	378	150	73	4540	1241	543	5914	1176	526	768	231	2902	605	119	1471	1198	192	1309	1627	2134	448	649	3099	2904	565	985	5906
2929489	2158	1045	571	860	914	642	182	218	1500	75	5542	147	1403	1910	4656	1562	414	732	1447	3315	6286	322	88	752	109	105	1662	1453	1124	1429	7163	712	1120	402	2616	782	390	2076	1172	174	3053	6861	986	298	5245	1889	2796	469	1731	1185
2929491	1070	1104	2629	1928	1166	1226	200	701	1950	21	2267	56	2282	1209	2073	2998	286	212	4030	284	4541	252	73	522	63	63	2260	577	804	1902	2836	192	388	107	3677	2456	167	1063	2121	81	1672	1319	2209	276	1023	2999	2960	660	929	1263
2929493	928	6237	688	824	701	396	148	271	1081	37	1253	75	1706	6998	1076	1523	382	438	5651	433	981	404	133	339	127	87	1390	458	1046	7286	1431	226	259	335	1085	1178	213	773	754	106	1826	1285	1393	31636	944	2374	1482	481	761	812
2929495	1049	1091	8976	7113	2751	4398	627	1697	3433	39	4325	56	6003	1779	5351	4519	365	426	5905	437	1350	208	105	388	121	62	3230	616	1208	4228	2133	190	460	339	11145	4658	246	2470	2162	67	4433	1979	2481	762	973	5243	3779	2758	1314	1241
2929490	625	704	675	628	445	310	107	129	1131	6	2563	35	831	985	2886	1093	292	270	1056	2032	3874	175	65	649	203	38	780	1032	817	1132	3477	380	787	259	1964	746	137	1307	1012	84	1693	3723	772	187	2960	1096	1721	193	1081	945
853	18970	23233	40949	33118	29297	22953	10750	12245	45769	579	52471	916	21284	23465	67815	37828	39327	49872	33932	30523	44216	3168	1104	7124	2046	1106	38011	13311	55938	36344	31812	4950	13118	23968	39525	32851	16179	24034	20923	1227	23691	29656	34247	8232	32878	48731	27937	12543	13853	32528
411483	1072	1173	519	588	729	316	145	156	1823	93	5249	207	1524	2541	5040	1786	231	255	1717	4192	7261	314	236	895	1684	93	1105	1585	955	1020	8050	820	1331	145	3514	901	413	2430	2199	242	3453	8040	1093	386	5384	2581	2900	619	2679	579
1160721	16763	93	94	253	72	118	3	383	4020	24	18608	249	3416	3289	172	527	153	41	5029	190	75	100	37	68	61	41	239	147	368	1914	5146	21	29	113	1343	172	43	5413	234	48	114	22431	5537	383	8350	3699	24815	82	1022	39
2831966	2508	0	0	3881	0	648	0	0	0	0	9030	1890	0	5020	4841	6248	2682	0	0	2546	0	12450	0	0	1689	0	1835	1728	4077	1405	0	0	133	1875	3469	0	0	0	550	8181	1322	5593	0	0	1161	0	1030	0	1465	0
2564099	899	40	40	524	82	110	45	52	323	6	54	161	177	47	58	882	289	39	99	283	20	65	34	31	739	26	209	162	475	1714	6966	11	42	396	478	80	35	154	67	122	3638	622	64	115	233	75	131	67	270	29
1161942	473	56	97	78	84	105	4	74	179	9	574	20	239	302	315	419	75	69	409	25	37	95	54	41	55	8	41	39	458	576	57	14	13	27	708	226	16	302	189	44	26	1092	191	350	592	422	207	85	517	21
1264	347	28	33	92	36	41	0	33	212	7	183	69	117	93	96	187	45	26	204	61	27	37	24	31	25	27	43	55	173	112	36	17	20	40	191	111	29	110	86	31	61	293	100	66	132	96	174	35	211	21
438033	91	207	34	182	108	116	6	37	302	58	176	180	184	113	177	184	123	130	135	106	61	191	104	95	211	92	191	135	178	101	187	49	64	57	131	101	172	127	108	94	160	178	98	87	237	111	138	182	195	166
2714355	894	940	131	3203	89	516	25	343	2573	26	3279	47	2060	4141	1776	5722	79	5814	1490	159	497	4737	130	837	493	448	274	315	9356	2509	632	55	61	125	7227	4471	151	4064	1325	1724	714	11795	1746	616	286	7680	2057	3082	4820	2075
2714353	523	332	278	727	49	182	12	77	1178	10	1745	92	927	2164	419	2770	146	326	1236	140	301	346	217	250	339	60	136	71	6988	1121	286	32	126	74	3053	3291	86	2897	868	117	311	989	836	150	146	4084	1336	537	5763	342
292800	904	566	718	2481	3811	628	93	331	881	493	1270	1003	941	1987	1479	2130	1637	1882	635	6186	4052	6439	2306	679	1861	2934	3410	1665	2549	1202	1620	213	1411	3460	2349	2942	917	1762	577	883	385	1761	585	4300	629	1585	882	2955	2643	4276
1550024	750	400	350	1994	316	212	33	71	543	60	826	243	585	848	969	2408	389	1416	335	1116	124	1353	494	884	578	206	369	231	2934	342	361	76	92	1096	951	3003	258	555	279	1001	132	635	308	2861	256	971	840	958	2202	781
169435	564	156	145	1684	137	232	41	97	857	97	359	131	285	607	453	597	811	418	325	920	160	1084	188	241	586	193	1056	641	791	464	291	32	45	228	1249	455	835	602	205	731	128	364	269	355	365	411	431	491	547	337
2093857	353	469	1053	4311	290	435	20	168	2396	114	1273	864	1268	4304	925	2663	658	1095	849	2197	895	2881	515	1260	795	227	825	392	4760	1274	1166	83	186	664	1807	5066	291	2985	899	3149	318	2014	1001	1221	202	2914	1534	1438	3834	1895
2108523	314	605	61	1370	206	236	8	70	1015	64	621	72	1165	1139	1815	1670	655	1572	352	1771	550	2982	787	306	1928	30	362	248	1191	373	2006	65	164	3519	1476	1433	166	716	561	300	367	638	320	372	252	2290	465	403	2027	2280
2714358	261	401	232	768	113	165	21	102	526	72	609	94	538	1371	1025	855	268	282	364	1209	351	1353	289	291	354	96	234	195	1640	478	475	23	70	281	1091	1093	48	572	374	223	197	716	398	289	134	1315	444	551	954	101
214851	211	1850	1132	1678	71	135	17	437	1284	50	1304	78	1759	4493	232	985	344	544	723	92	104	1258	266	156	240	243	2097	109	3075	679	1261	180	175	98	980	687	103	1334	418	112	406	1953	727	250	2115	2158	1436	2093	865	296
2763056	152	220	133	372	83	79	14	64	754	12	587	29	508	691	215	971	629	219	349	144	327	227	59	94	173	95	208	121	1954	311	226	38	38	739	738	738	57	853	327	98	126	461	310	299	823	1087	422	192	1030	97
2766537	59	15	17	38	23	31	2	16	77	8	61	22	49	66	33	61	22	31	47	23	13	53	14	23	34	5	38	18	89	54	27	7	11	14	89	48	14	83	38	24	17	48	56	43	73	51	44	45	116	28
2994078	55	29	11	47	19	22	3	14	39	7	33	19	45	36	29	46	47	20	46	31	10	44	21	21	24	12	27	41	85	37	18	8	12	59	63	35	21	46	38	26	23	46	40	36	46	36	30	60	73	19
2666138	37	27	14	29	11	19	2	24	71	3	62	16	45	57	30	65	8	24	47	25	19	42	17	10	37	11	35	22	108	38	24	5	4	9	77	42	9	39	29	23	15	66	51	25	47	59	28	39	86	12
1981510	125	50	44	61	21	167	3	65	632	6	424	90	261	116	138	128	51	141	134	60	40	65	30	329	69	214	102	266	602	74	28	9	6	33	121	50	28	108	132	17	92	148	124	80	94	253	67	59	822	69
1796620	94	52	13	82	16	30	12	18	96	8	125	31	75	148	148	92	32	104	56	42	33	67	53	40	38	16	56	54	312	71	24	10	17	33	177	165	23	104	77	56	29	94	57	233	82	154	100	66	329	28
2780922	71	63	69	111	38	44	3	28	125	13	149	83	122	138	91	180	89	74	108	44	26	287	25	61	92	56	74	101	238	63	58	17	11	137	243	138	31	100	108	76	43	873	84	60	94	130	75	136	368	37
2488810	27	7	5	16	9	15	2	4	33	7	7	10	21	22	13	34	26	6	22	19	10	17	19	32	21	6	34	21	51	25	41	12	27	10	36	23	20	26	14	20	27	20	26	30	11	19	19	16	55	15
29362	21	31	6	28	9	35	0	4	47	5	13	23	15	23	18	29	22	7	19	15	12	15	13	12	5	4	18	25	20	6	36	9	11	13	25	23	9	16	14	7	24	25	23	26	11	8	21	9	35	2
2966552	57	15	14	24	9	23	0	10	56	5	42	13	30	43	27	43	20	26	47	17	17	27	12	17	24	11	22	18	95	33	12	2	5	10	80	63	7	43	25	11	13	45	27	37	22	39	40	29	121	20
288965	13	15	10	18	18	6	0	6	45	11	21	21	25	17	7	36	17	9	28	16	9	22	26	10	24	13	18	22	40	7	20	33	17	5	25	28	31	26	23	13	9	15	25	18	32	14	16	8	31	12
2507162	43	32	5	34	10	12	3	11	47	7	41	13	44	59	20	36	11	41	30	8	20	22	11	16	30	14	28	29	102	24	29	3	8	12	74	43	10	45	21	32	10	39	44	37	35	59	25	39	130	10
2576756	42	27	7	31	9	21	2	15	68	10	49	22	31	52	25	56	26	20	41	24	17	42	15	12	14	20	18	20	112	34	27	4	15	20	61	44	13	46	41	19	16	42	43	37	35	41	37	27	132	36
84032	32	13	16	15	8	9	0	4	35	9	21	15	18	20	14	39	15	5	30	6	5	23	10	9	8	4	21	13	28	23	7	2	0	10	32	13	16	21	13	7	19	13	39	17	24	17	24	11	55	12
253239	24	23	18	41	42	21	2	21	52	4	66	17	64	95	28	88	17	28	62	42	29	35	12	28	37	5	21	14	201	40	21	9	7	14	110	82	7	75	48	23	13	64	51	32	41	95	68	37	149	13
3045146	23	7	6	34	13	15	0	12	33	7	27	12	32	21	17	42	23	15	21	18	11	21	26	12	17	9	24	14	44	21	47	9	10	12	23	20	45	28	20	24	15	35	30	23	26	19	20	18	38	10
1510	12	8	9	21	8	16	0	2	38	0	25	7	7	19	11	37	18	6	23	14	10	10	19	8	10	4	27	12	21	5	24	2	4	5	20	11	14	24	11	7	18	23	19	7	23	12	14	10	42	3
411486	912	675	345	1144	555	618	185	235	809	275	598	527	524	1495	1085	2249	767	719	656	854	790	1290	1147	565	1512	745	1064	1028	990	696	560	172	367	500	1132	540	960	621	484	706	799	742	475	742	1668	588	653	723	1201	585
1042156	115	168	61	91	90	123	6	50	309	23	156	182	197	172	293	326	176	152	195	142	58	164	89	149	140	109	194	118	156	108	188	33	81	67	168	135	83	144	201	87	153	200	141	89	247	112	201	167	120	127
97138	37	19	12	20	17	14	4	15	42	13	19	44	24	45	52	48	24	18	31	40	20	62	50	28	40	15	51	31	86	23	85	10	24	17	25	32	38	28	21	35	24	68	50	29	22	30	37	18	43	26
1155388	15	19	3	30	10	16	0	8	20	27	35	109	63	92	72	32	28	21	30	26	9	54	20	33	16	13	20	53	46	28	13	27	49	49	22	32	18	34	69	12	79	14	41	178	12	49	57	54	41	16
641107	16	50	5	22	7	8	0	7	19	16	19	28	14	6	15	29	14	5	19	25	11	18	33	12	12	18	17	33	30	16	20	18	28	17	20	20	40	26	16	12	15	18	34	21	34	25	17	17	35	8
2930219	13	6	4	13	11	16	0	16	30	5	35	25	32	9	12	28	5	6	32	25	9	36	53	13	5	54	19	46	36	18	10	23	36	13	46	18	62	51	11	10	18	32	54	20	8	38	27	16	52	8
1502	117	120	252	78	51	1438	14	87	170	95	114	102	333	409	155	295	282	45	823	213	153	115	690	132	125	389	107	168	254	72	362	6162	114	69	266	71	2158	132	64	74	158	147	123	296	73	1669	334	202	189	135
1491	53	39	29	57	51	77	15	93	86	69	57	68	77	41	52	96	71	30	110	105	26	57	130	65	52	162	83	112	123	40	132	53	137	71	84	54	274	98	36	61	62	80	121	48	56	77	94	65	148	27
1529	37	26	29	13	18	34	0	21	48	62	65	91	31	55	14	22	23	18	42	68	16	60	60	30	19	37	107	32	100	24	44	20	27	17	44	33	84	60	22	23	27	60	47	30	56	53	74	37	84	17
182773	39	6	4	6	13	11	0	42	24	17	26	44	19	12	19	12	13	9	37	62	6	18	24	7	11	119	7	31	74	25	32	12	52	15	54	14	67	55	14	11	15	11	40	19	10	36	58	22	73	16
1520	39	34	6	13	20	20	0	19	74	27	42	43	30	45	26	69	50	14	63	33	15	47	41	47	34	89	27	53	53	26	100	27	59	14	48	19	70	53	40	20	45	56	45	36	53	35	56	16	70	39
238834	20	32	8	13	17	33	4	11	48	29	22	28	24	18	19	20	35	6	32	15	11	36	46	22	19	23	29	36	38	19	31	31	28	24	23	25	63	32	20	8	23	26	30	20	34	30	29	22	37	18
137838	17	16	5	15	7	12	0	20	30	15	27	25	18	8	16	37	21	14	31	16	14	34	23	30	14	79	17	19	47	22	64	19	46	17	24	24	86	57	22	14	18	22	44	21	19	38	46	26	60	14
1501	15	28	6	14	18	15	3	29	58	23	17	24	38	18	22	27	17	3	40	28	13	46	34	31	35	31	27	33	27	25	59	21	33	11	25	27	57	25	27	13	30	27	46	39	28	33	28	14	40	19
1493	14	9	5	10	8	6	2	8	23	19	10	25	25	14	13	17	2	2	15	22	0	29	14	15	9	13	6	20	22	11	40	11	16	8	35	14	45	11	19	13	18	12	25	20	15	18	30	8	29	4
2320868	13	12	0	3	10	19	0	24	30	4	33	30	32	8	18	45	21	12	27	25	7	20	23	20	12	48	14	20	39	18	23	21	32	6	31	19	62	36	16	9	32	21	29	18	29	30	49	7	37	13
704125	13	10	14	3	6	26	2	20	27	5	24	15	16	7	8	16	9	5	24	19	8	20	36	7	6	44	19	28	35	15	56	15	25	4	34	11	46	21	6	4	22	19	19	12	16	17	19	17	31	8
169679	13	9	3	22	9	19	0	16	31	11	21	18	16	18	23	34	14	3	20	23	3	12	15	13	4	48	11	24	29	10	72	15	21	16	37	10	38	33	23	8	12	43	29	8	8	16	29	16	32	14
46867	14	2	0	3	15	16	0	29	21	7	16	36	10	3	16	7	9	8	23	26	5	6	26	7	12	142	5	21	78	13	28	17	43	5	29	18	69	48	9	17	11	14	67	8	15	36	42	20	67	7
394958	13	19	5	0	6	11	0	4	35	7	18	47	16	8	5	26	12	2	16	30	2	8	17	17	4	42	19	22	29	12	9	11	23	4	20	18	36	29	38	6	39	21	30	3	37	24	16	14	36	5
36745	12	14	3	12	15	24	0	9	30	19	20	24	22	14	17	19	13	14	32	16	10	20	36	13	15	56	19	25	23	13	32	19	52	24	27	18	67	21	19	10	17	16	36	17	15	28	16	19	48	21
1716543	16	23	0	13	15	11	0	15	35	6	14	8	22	10	16	19	19	7	21	18	7	31	15	22	12	21	22	25	29	12	40	10	25	6	26	18	30	26	9	9	19	17	24	14	29	16	20	26	32	14
217159	12	22	9	4	7	7	0	5	34	11	12	30	21	6	10	37	16	5	6	8	5	13	20	20	2	16	9	28	15	3	49	9	15	7	11	17	25	22	7	5	30	24	12	5	27	7	16	9	28	9
1492	39	41	30	16	50	46	0	20	114	46	80	86	58	48	46	157	42	12	68	61	20	76	58	69	39	104	48	43	79	33	118	21	89	23	82	62	167	79	66	34	76	137	93	66	62	59	97	52	89	33
1542	11	18	5	17	9	11	0	9	31	2	7	21	20	31	5	27	8	4	13	12	7	13	34	36	5	19	9	5	15	7	21	13	10	4	10	16	41	19	29	7	13	15	21	7	21	16	15	6	51	10
1561	10	10	0	17	16	26	0	39	34	25	25	35	19	9	25	20	9	7	28	32	7	20	62	30	15	128	20	36	96	13	33	25	88	20	46	23	119	56	32	23	33	36	70	18	8	50	50	21	82	9
1216932	11	2	4	7	12	19	0	16	17	12	12	22	23	13	28	30	14	5	15	27	8	16	56	13	12	49	22	17	39	16	46	27	21	24	38	21	57	34	28	4	20	201	35	13	14	26	30	20	58	14
36845	9	4	0	7	9	7	0	8	21	32	18	16	15	5	17	16	13	5	23	18	4	16	29	13	6	47	16	16	29	3	41	10	25	21	19	14	50	34	18	14	7	9	24	10	7	31	25	8	31	7
1509	32	22	4	7	74	33	0	11	109	22	51	75	44	37	23	122	73	16	56	41	30	64	112	78	58	53	54	60	115	26	73	17	49	23	45	50	185	48	41	24	74	78	88	23	58	44	32	51	96	22
1504	2	4	2	4	18	8	0	21	27	9	8	18	10	4	18	7	6	3	23	20	2	6	26	10	4	101	7	27	57	6	28	19	47	32	21	16	79	70	6	8	23	19	39	6	6	16	38	31	67	16
154046	512	588	274	1622	382	690	77	337	564	354	429	489	376	367	913	613	674	1159	558	506	667	953	767	501	883	296	657	428	518	374	633	263	214	543	793	545	474	442	348	808	380	445	340	970	537	1144	421	845	820	687
384636	148	141	52	72	67	129	27	37	266	117	119	157	156	65	120	166	138	98	135	131	68	187	115	137	161	100	163	136	101	74	224	54	65	58	151	84	121	123	89	96	100	173	90	111	233	83	121	130	88	85
3036945	19	13	5	24	15	11	2	5	27	9	18	6	21	74	10	25	10	11	17	19	7	14	21	13	10	12	16	13	79	18	24	6	10	11	31	24	11	28	28	6	11	17	16	15	21	38	27	14	73	10
2109686	12	6	28	0	43	58	38	18	8	6	123	35	40	0	53	20	9	61	39	30	4	27	128	10	29	0	44	27	8	25	57	7	6	35	16	35	46	34	14	217	13	7	86	0	16	10	5	98	0	51
1490	4	9	16	4	9	5	0	4	21	15	8	18	426	4	14	5	7	2	29	9	6	13	26	27	12	27	5	28	43	9	16	45	24	10	17	3	73	20	18	4	14	18	10	32	13	31	24	10	19	9
1496	1441	1988	749	1368	717	793	148	399	1898	583	1904	1358	1263	1713	3308	1550	1623	1128	1052	1749	580	1218	1292	2630	1717	775	1853	1151	2223	1598	1264	471	490	1003	1513	733	1112	1102	511	1348	1951	1762	921	606	1114	815	747	1531	1979	936
2708053	8	5	9	10	20	38	0	40	35	92	91	34	61	12	83	5	2	0	186	11	20	13	18	14	57	234	4	30	400	77	59	481	300	59	30	20	198	23	204	0	123	7	44	27	3	140	118	37	138	37
2724150	5	4	10	3	5	4	0	11	11	20	11	10	44	3	17	0	2	0	30	9	14	8	11	16	36	42	0	8	64	13	15	43	43	11	6	9	65	12	19	0	24	6	14	30	2	21	21	48	49	11
1507512	5	0	3	2	10	3	0	12	9	10	7	8	19	4	8	4	3	3	28	12	5	8	19	13	30	49	10	11	54	14	35	55	37	10	9	6	57	11	23	3	21	5	9	24	3	19	25	27	27	5
1115758	6	4	6	59	38	138	0	184	57	424	190	69	171	21	285	10	11	7	752	23	43	43	10	5	111	868	8	43	1420	269	15	1483	907	145	107	28	622	17	728	0	379	9	138	33	3	482	439	23	514	117
89152	18	13	10	15	15	25	3	9	47	48	30	40	29	12	21	25	31	1261	19	32	17	4275	43	41	32	14	16	5663	30	20	51	6945	1935	27	835	21	7949	29	33	17	49	21	42	30	30	25	25	25	24	21
1505	5	6	5	4	6	12	2	10	17	26	6	8	24	18	15	7	10	4	39	8	6	33	30	19	37	56	15	16	48	10	21	42	25	21	7	4	42	20	19	7	14	16	19	50	9	18	28	27	17	2
2813371	5	5	16	3	17	10	0	5	9	16	20	23	38	15	10	6	5	0	13	8	13	58	25	8	156	265	3	9	30	2	26	10	9	19	5	5	23	15	5	4	22	10	16	51	2	22	79	58	42	49
39496	455	1526	515	465	3697	229	16	137	1427	178	419	499	587	1412	646	594	323	983	608	937	297	4617	1256	275	799	254	646	5328	1976	394	1860	550	216	1740	928	795	339	494	1251	3961	436	894	630	734	548	358	498	1405	1136	307
2841037	138	151	42	137	98	115	7	36	205	148	122	192	160	97	216	157	189	145	157	165	82	193	232	152	140	92	256	177	142	86	198	109	90	160	158	122	216	112	102	118	140	156	95	474	183	141	152	209	211	186
2841528	119	210	55	119	84	508	6	90	299	37	215	247	792	462	322	1392	107	109	421	162	57	186	113	167	144	130	180	206	1120	328	212	62	88	43	2710	136	177	639	297	108	266	565	438	189	387	415	242	137	182	168
2764325	251	92	90	159	105	67	22	53	554	109	154	376	320	643	513	390	252	98	188	1093	250	642	492	800	550	125	314	264	288	447	246	125	219	162	378	255	293	433	179	731	312	202	476	93	209	469	379	298	193	427
1736	69	60	22	43	12	15	3	13	111	60	69	250	49	76	51	155	80	79	44	29	63	81	44	50	22	226	48	29	570	47	36	27	21	38	452	55	152	42	40	36	22	97	27	787	104	74	85	34	349	41
53442	64	30	54	37	28	27	0	6	62	26	39	47	56	156	182	50	59	35	38	54	65	54	31	26	130	33	78	70	62	74	42	82	25	322	161	155	20	68	28	16	19	98	22	46	33	62	25	219	64	52
2041044	36	21	18	80	27	21	2	13	122	5	74	32	85	52	80	72	37	57	24	47	28	74	31	85	19	24	124	48	74	40	69	4	19	20	68	60	39	31	35	27	20	53	39	64	104	75	31	43	402	56
1297617	244	212	66	875	92	161	14	93	421	21	835	52	484	925	299	829	165	234	453	169	327	452	141	194	198	65	300	101	2654	511	189	33	66	102	1512	1127	76	1539	572	397	131	479	327	239	173	1104	474	254	1905	139
2086584	239	177	64	337	153	137	9	74	295	166	220	154	205	205	226	208	137	276	143	162	103	236	195	136	184	80	187	189	285	127	189	88	101	143	365	156	152	145	100	126	131	281	119	152	189	220	117	217	1106	138
2610895	232	181	53	370	271	138	14	64	233	60	372	56	346	467	2363	335	285	1239	214	296	322	998	262	191	193	70	418	538	725	352	180	41	49	315	373	324	177	467	172	117	98	322	176	390	299	475	353	849	727	243
2697030	32	16	9	10	12	20	0	2	35	4	21	39	23	20	19	21	8	9	20	18	10	11	25	19	9	13	20	21	25	14	18	2	11	3	26	24	24	31	19	8	22	24	15	16	56	22	28	12	55	14
2507160	28	10	4	35	5	9	0	2	21	5	22	17	31	43	25	32	13	13	40	10	10	31	26	20	20	13	7	16	37	21	30	5	8	23	47	35	12	29	13	20	14	35	21	29	7	24	18	10	118	13
1776384	66	33	24	132	14	28	2	12	51	27	58	61	41	72	69	76	246	88	29	38	26	219	74	197	28	16	40	32	95	29	34	20	13	43	154	66	63	54	29	46	33	41	19	759	49	51	56	112	87	36
114527	22	31	41	22	15	6	45	18	64	119	44	43	55	12	26	31	37	22	33	26	125	33	67	27	44	181	9	15	117	83	39	16	71	102	27	51	8	41	50	30	90	13	32	128	35	22	44	30	83	20
626937	93	107	17	31	27	81	5	16	80	26	95	166	61	103	66	523	24	47	44	39	17	108	32	60	82	44	164	38	220	68	25	16	60	99	65	308	19	79	88	35	105	84	95	14	17	57	56	29	216	56
1185412	20	15	22	12	8	14	3	5	30	7	18	25	34	12	17	21	6	13	25	24	8	36	35	24	11	22	23	26	17	13	73	17	25	14	25	19	38	44	20	5	29	33	28	25	24	22	28	15	18	19
2086585	55	65	18	52	16	21	0	12	70	3	64	15	76	107	48	67	21	70	39	13	11	38	26	22	37	21	22	15	211	49	24	7	8	19	233	90	23	109	40	22	11	50	58	39	29	109	83	50	371	18
29360	6	31	9	6	0	6	0	5	24	0	14	43	15	9	13	32	4	5	13	18	15	19	15	30	13	9	12	12	13	13	125	6	18	0	14	10	18	11	23	18	28	26	15	15	40	33	16	29	22	0
2478954	10298	29	22	49	28	10366	5	13	50	24	5721	39	9261	106	91	26	22	27	10142	23	14	136	8656	43	13	33	60	59	48	1898	39	97	7239	29	10322	38009	40	32	306	56	4665	46	86	22	69	210	14955	102	7521	34
100886	6853	65	61	55	25	5970	15	23	129	13	3054	45	4973	85	72	64	71	57	5409	30	10	54	5287	34	43	13	107	58	83	10162	65	80	4338	31	5724	20727	57	57	72	62	2899	89	142	45	83	121	8218	37	4906	45
1522	470	237	191	596	259	287	29	297	559	170	369	559	311	649	725	376	415	804	269	1032	555	417	1071	420	401	2063	401	363	961	316	475	195	105	309	689	502	486	611	254	534	570	477	404	1835	335	730	585	539	1660	1303
1547	396	82	57	205	81	241	23	62	311	419	161	1205	181	195	328	248	831	274	114	172	339	168	184	110	355	240	99	101	200	76	191	89	140	761	121	154	2020	104	154	221	145	184	81	3921	193	1276	155	518	205	244
29348	16	15	4	8	23	13	2	3	95	27	7	20	77	133	70	11	12	26	44	30	5	89	25	33	9	10	22	36	59	23	18	32	69	12	33	22	23	22	86	9	46	25	27	77	6	50	46	30	26	60
2583452	152	61	41	75	52	239	3	27	72	131	128	141	249	116	165	114	165	69	90	264	67	138	198	216	112	635	112	798	127	191	184	102	231	290	249	95	200	153	357	178	243	75	103	72	78	197	85	260	261	83
1796635	110	182	89	158	63	457	16	59	271	115	124	129	244	134	185	76	52	68	121	119	154	198	53	477	197	62	293	169	175	162	283	93	165	208	197	122	299	164	124	133	258	221	174	80	137	245	327	127	129	281
1982626	97	5218	1273	1412	1470	94	12	302	2180	30	346	40	279	1888	2756	370	68	1014	460	1531	48	3079	93	792	80	82	2319	1739	1978	121	181	1802	717	85	283	138	85	1066	778	3113	636	969	837	64	3056	1732	96	85	130	871
39483	91	201	52	689	111	177	25	48	210	42	162	94	878	580	224	204	143	163	229	128	102	200	220	723	193	141	115	103	486	539	93	236	556	53	410	448	124	366	724	319	773	251	412	2431	140	691	206	181	292	71
2853432	19	10	10	10	5	7	0	2	14	2	11	8	45	15	22	18	5	10	18	17	3	10	21	32	21	8	6	14	15	28	23	11	20	3	22	22	10	23	24	12	38	21	19	10	23	28	11	18	26	13
2834459	16	18	11	7	15	25	0	7	11	9	13	7	39	20	11	14	9	8	24	6	11	14	14	29	23	11	17	10	15	27	16	14	26	5	23	23	10	16	35	8	28	17	18	10	13	37	12	20	29	4
2944914	28	3	4	17	14	10	4	2	19	47	34	12	41	62	35	6	22	7	24	33	6	41	42	36	8	9	26	15	25	11	11	28	43	24	37	18	40	26	42	26	43	6	23	93	18	37	13	41	30	15
2487118	11	25	6	12	23	37	15	30	36	8	21	24	64	28	35	35	15	13	31	13	9	48	20	24	14	32	25	13	24	29	39	10	34	3	28	14	28	31	34	9	38	40	35	13	24	24	17	16	20	31
1702221	8	25	12	13	9	16	5	0	19	5	22	16	79	37	15	34	5	11	22	9	5	20	21	41	8	17	23	18	36	40	4	9	35	11	33	31	7	29	35	4	45	25	30	9	11	35	7	11	23	10
2735723	47	3	5	4	0	20	6	0	4	10	10	0	38	6	23	44	3	5	6	10	6	65	8	25	31	495	2	0	344	7	11	14	149	8	10	6	0	15	8	2	9	13	10	36	7	28	713	15	95	20
437897	3930	26	5899	6280	15	13	2	15	14258	113005	6	23	849	11	8	12550	9	4149	21	22109	1608	13	19	4582	14842	15	17	36176	14	19	75	863	19133	47227	19	8	29	3840	24	7	14308	235	3406	16	17677	2006	10	14	8	5
158847	20	11	89	36	6	12	0	0	19	228	6	16	14	8	10	66	5	21	11	286	8	14	6	11	36	0	4	114	5	13	20	9	77	96	11	8	7	28	20	2	34	16	23	7	58	8	0	3	16	20
971	19	3	5	9	9	34	2	5	21	3	30	10	82	18	11	20	5	10	60	112	9	12	14	10	38	718	16	34	30	417	19	3	14	23	26	22	12	38	54	8	9	10	21	11	18	19	14	105	23	10
69823	9	28	8	45	3	30	5	7	26	5	24	16	94	44	13	20	7	16	73	118	20	22	7	15	39	776	13	39	71	475	18	8	25	27	25	20	16	76	47	26	11	28	25	16	12	31	42	92	93	11
2823317	1946	1024	2	20	15	74	0	17	172	10	318	4	309	186	22	46	354	19	3879	25	5509	2055	376	444	504	10	21	387	31	78	18	152	5256	6	49	550	480	479	14	15	18	117	3204	23	33	4556	43	251	66	2
626940	1762	851	4	15	13	25	2	12	2000	34	5245	3	5392	2665	15	33	4166	22	3472	12	5248	2423	6291	6777	6739	11	50	7189	46	1197	29	2214	5365	7	39	10248	7228	4710	32	11	33	1159	2631	6	28	4201	12	5816	85	7
33025	14	76	1204	3184	3031	24	613	8874	44	692	24	1868	25	40	4425	4477	25	7888	22	1542	18	120	19	9	40	368	6863	10	17276	101	1158	10	18	5242	8249	10	12	22	12	5558	5117	55	21	13	3188	15	154	50	9495	5836
905	14	17	8	7	0	213	0	3	17	4	13	11	1830	9	16	22	8	6	70	1005	20	22	62	395	10	38	8	8	34	116	11	2	17	10	22	15	14	85	52	8	11	9	12	11	83	13	48	19	118	7
187327	12	20	61	9	7	20	153	2384	18	10	8	7209	66	26	48	44	15	235	17	36	31	10	43	54	50	53	5	314	24	369	21	4	5	9	509	14	23	64	44	2	7	83	10	39	2198	54	1568	17	16	16
2144175	20	11	10	15	15	30	6	7	298	7	24	13	54	40	21	30	11	15	22	84	18	16	14	13	10	34	21	17	49	40	17	5	6	3590	19	24	7	17	30	15	28	45	22	2077	22	36	20	27	60	20
907	14	13	16	13	17	38	3	4	17	9	14	20	1364	16	20	21	15	17	36	9616	3233	12	484	13	18	102	13	888	32	1947	24	3	315	12	18	16	33	1138	55	8	18	20	12	18	95	14	22	52	35	52
1675036	8	6	3	6	12	16	0	6	14	2	9	16	613	9	10	11	7	3	171	91	325	10	9	344	8	58	5	17	10	81	8	0	56	8	20	8	7	23	20	6	11	6	8	7	231	9	5	17	17	63
423477	14	6	254	15	36	251	206	52	18	321	20	107	256	4	51	7	67	5	47	17	465	9	694	4	52	12630	54	6	121	90	104	342	35	22	7	13	10	11	633	13	319	11	28	2109	8	10	1083	10	6	33
29466	9	11	186	17	19	89	35	40	19	301	17	65	257	2	15	12	113	5	17	21	149	0	756	3	96	2128	12	2	284	31	1292	1385	60	22	13	7	6	17	120	15	335	19	20	2009	29	5	441	2	13	18
2682456	12	4	320	2	40	390	128	13	35	257	29	86	331	0	26	4	57	7	19	6	164	0	839	0	40	1065	14	0	112	96	166	18	24	7	0	3	0	22	36	0	142	0	13	247	4	4	56	0	7	7
2682455	2	3	278	4	29	283	78	3	13	178	21	97	180	3	24	5	65	7	6	0	159	0	646	0	38	958	8	4	78	68	132	21	16	0	0	5	5	6	27	0	143	0	23	233	3	3	55	0	6	0
39778	2	5	232	4	33	284	52	4	14	166	9	89	146	4	72	19	132	5	9	5	235	0	532	14	109	1716	11	0	64	59	197	31	27	5	4	2	4	9	37	0	275	5	47	358	20	10	44	0	7	5
487173	5	20	81	15	79	1221	0	54	14	6	11	17	36	9	11	17	9	4	12	110	12	8	6	12	14	21	13	22	12	668	31	7	9	16	10	7	15	407	8588	18	18	21	9	97	20	9	32	20	17	0
2582419	2	0	4658	0	5039	454	0	26	6	4	0	1455	34	6	0	1701	0	2	0	2542	23	0	10	8	7	6	0	5	12	189	2552	0	0	0	16	6	0	86	262	8	9	7	3	26	5	16	3191	0	13	7
1451	352	373	311	353	341	364	274	300	403	309	387	340	394	425	361	417	311	333	374	369	330	376	351	386	378	347	363	371	448	385	378	303	328	287	432	374	361	407	367	353	365	365	374	359	402	362	359	335	453	369
1406	19	22	11	17	25	9	0	27	47	29	25	31	18	29	10	16	30	7	24	7	33	29	14	14	21	11	18	22	22	26	11	12	17	17	24	16	20	27	67	14	48	14	27	6	14	25	16	28	35	18
1464	46	85	22	21	34	0	0	0	94	710	48	38	203	17	19	58	0	19	25	33	66	45	64	70	57	0	45	135	22	31	125	19	492	0	31	61	28	86	124	28	0	51	204	393	57	27	95	22	68	15
54914	621	619	597	621	601	604	587	613	612	597	612	611	634	619	628	625	604	616	614	610	613	612	598	622	627	614	629	616	648	618	639	595	611	601	630	629	626	590	625	596	618	632	635	600	626	643	596	622	657	594
1742359	463	463	440	456	454	469	462	436	468	480	464	481	477	447	482	464	484	428	491	448	456	484	471	480	471	455	451	495	490	481	472	460	475	471	487	437	485	470	455	443	449	492	453	471	488	505	454	433	482	451
1396	77	16	13	23	5	28	0	56	60	93	24	20	74	19	33	30	21	15	151	24	31	30	76	29	52	41	35	30	25	14	112	39	70	12	65	34	61	41	26	24	47	29	155	60	63	37	19	40	50	52
1428	7	23	9	9	5	26	39	0	13	21	25	3	36	0	0	21	6	11	9	4	0	8	0	27	8	81	20	24	11	22	9	40	23	8	9	9	13	53	18	8	0	10	19	20	0	6	9	0	9	6
492670	8	24	25	17	20	43	0	4	0	17	31	66	25	26	9	37	28	0	12	24	0	31	46	42	20	7	0	65	75	15	27	16	25	17	0	58	25	34	39	13	67	24	22	0	43	0	49	0	29	29
1423	31	14	0	15	4	30	0	31	59	8	21	25	11	9	6	37	24	33	14	12	16	22	7	11	31	26	15	7	43	8	5	18	18	17	11	41	21	26	46	0	12	23	60	0	26	10	17	75	49	6
1404	27	19	9	22	54	46	0	3	20	47	42	31	77	22	34	49	40	10	58	13	29	48	59	67	23	25	56	57	42	41	19	26	36	38	45	36	41	37	40	14	44	39	46	28	37	43	24	29	27	7
412384	32	23	0	31	0	0	0	0	79	18	0	0	0	0	0	35	0	0	69	31	15	38	0	0	0	0	0	23	0	23	83	0	23	0	36	25	21	14	36	42	0	0	0	42	32	0	51	0	59	72
2756	459	446	437	455	447	449	424	452	449	424	449	472	479	408	438	461	434	455	451	443	462	416	442	424	451	429	455	451	459	436	458	445	448	450	451	463	436	466	446	461	474	454	432	457	452	457	461	461	445	442
1280	20	0	0	20	25	15	0	10	24	28	88	15	60	32	11	18	18	0	19	26	0	17	31	32	48	38	30	33	33	0	29	68	26	33	24	23	37	32	48	0	54	39	53	12	23	26	21	18	50	27
1623	64	113	4639	34	26	1558	29	17	203	23	103	222	843	53	55	124	39	109	99	154	50	194	26	70	50	57	53	90	195	86	457	36	58	33	144	77	35	103	2825	19	153	247	54	42	287	58	83	96	96	651
1624	13	3	5	20	17	28	0	2	17	96	10	211	65	8	13	26	18	21	16	8	12	28	22	18	230	19	21	10	24	8	1279	79	18	12	57	6	20	12	31	19	201	25	35	15	5	17	18	24	73	14
1583	4	3	498	8	0	1104	123	6	34	0	21	0	14	23	5	9	37	31	53	17	1677	9	436	260	21	7	2	3	244	165	2142	26190	28	12	53	91	7	9	6	3	279	4	10	92	189	17	32	13	2	9
137591	2	2	1672	10	8	85	10	2	5	0	5	0	28	33	98	0	12	11	46	18	5336	5	130	51	45	17	0	2	31	2	482	9002	55	19	36	30	3	0	5	3	243	0	5	9	1171	4	8	6	3	2
1304	232	1288	4833	388	3177	6331	5343	4063	1209	889	213	2798	6374	919	188	1090	4807	843	1472	1164	12258	1384	10515	18	3075	10057	854	147	4819	3005	3639	231	2178	1442	3011	1206	534	183	545	523	2376	550	818	27672	272	709	1436	781	28	187
1316408	11	71	149	12	225	891	383	223	131	107	19	419	480	48	4	15	177	50	40	48	790	66	811	30	157	690	63	3	321	86	83	15	82	34	144	10	11	8	3	7	97	40	17	1652	16	29	195	2	2	31
2610896	8	98	184	12	226	983	548	306	146	102	23	518	629	71	8	33	249	69	48	48	872	96	956	46	133	908	76	9	394	78	99	16	119	36	175	9	9	8	3	8	104	71	22	1952	20	36	210	4	7	44
1759399	4	12	19	2	24	72	128	144	33	51	7	63	68	6	37	4	43	6	24	29	73	13	70	48	12	270	14	12	33	123	6	98	8	104	11	4	15	4	22	63	32	2	0	305	2	18	64	13	0	12
1839799	5	32	112	6	110	273	95	151	73	16	6	57	163	45	7	35	217	38	28	28	271	22	221	0	49	213	33	0	90	47	226	8	87	39	207	24	15	6	12	7	117	15	19	873	6	37	58	21	7	0
1307	73	48	30	34	35	130	9	63	128	37	166	116	75	86	44	51	33	32	85	28	35	53	71	50	46	63	482	315	602	97	34	201	26	21	1346	53	26	115	39	50	87	154	176	129	144	150	103	84	337	78
1308	42	41	96	24	45	225	86	110	1590	20	20	80	112	5545	29	33	152	26	43	35	189	38	229	20	57	192	24	27	378	47	172	321	79	34	85	31	13	7	17	17	124	21	23	695	39	26	56	75	13	237
197614	82	13	5	51	0	72	5	12	105	148	30	80	78	660	254	47	2140	20	40	33	11	26	1436	8	32	19	28	34	20	57	47	468	36	58	38	82	83	143	48	48	22	64	6	8	66	79	109	2922	198	27
1305	22	42	24	9	38	33	157	86	21	236	8	85	277	28	6	18	11	8	33	13	35	29	127	12	84	102	19	20	57	56	25	58	118	51	77	15	16	10	9	32	66	18	6	104	6	27	19	20	11	33
684066	22	28	43	23	61	144	83	67	30	35	21	86	83	34	29	22	52	32	31	30	134	26	139	29	29	118	30	18	70	28	34	37	38	29	38	24	19	20	20	28	33	30	24	264	18	26	41	20	20	25
1328	9	20	91	13	37	16	15	19	44	66	7	42	46	28	31	40	27	11	14	28	33	22	80	11	22	167	15	16	27	30	12	103	24	61	28	14	29	26	101	8	40	15	20	1223	30	19	27	18	24	51
1303	19	23	42	13	47	68	146	140	52	218	4	123	73	18	19	14	68	16	62	30	54	32	98	58	63	167	26	26	39	58	84	96	154	105	34	33	39	21	138	32	54	12	85	1020	12	10	63	26	12	51
1311	59	30	6	19	15	149	7	15	64	89	138	13	79	83	154	51	16	15	48	31	25	113	46	19	28	39	62	10	306	26	0	292	36	13	9	32	37	46	27	40	87	112	85	273	10	28	41	34	69	21
1156431	13	32	18	20	43	119	432	325	30	174	2	371	107	23	55	11	29	5	14	59	113	56	150	8	15	297	48	13	34	170	17	194	70	114	10	28	17	15	19	72	49	12	2	250	2	18	45	68	0	45
150055	11	11	21	3	6	315	9	14	24	6	11	10	14	38	2	2	183	9	24	2	24	17	48	4	12	29	12	9	48	18	22	4025	9	3	11	6	29	18	4	6	100	5	13	13	4	20	10	231	8	19
2382163	11	14	6	12	16	54	245	123	16	54	0	139	60	12	48	0	16	0	12	27	62	12	53	10	7	89	30	5	34	85	6	101	45	69	2	12	7	4	14	46	36	2	2	120	0	12	19	25	0	22
28037	7	24	15	5	51	50	143	109	39	633	0	37	42	34	13	0	33	32	107	51	40	93	102	24	60	134	37	18	13	27	32	151	347	116	14	18	108	8	34	71	39	14	14	137	0	18	30	34	2	44
1313	8	21	37	8	45	33	46	22	17	193	9	174	17	13	9	14	27	6	33	23	12	32	55	5	18	75	24	18	17	19	7	47	114	30	41	3	61	62	6	12	66	13	7	147	150	7	18	15	18	13
1302	4	13	16	5	55	50	36	153	28	53	13	64	111	21	18	11	36	6	10	13	42	29	90	22	35	459	13	8	154	14	30	117	82	29	37	16	13	10	12	30	66	12	7	619	19	5	45	4	16	47
113107	4	22	24	2	28	134	95	114	38	45	0	94	55	13	22	6	45	11	23	22	85	25	84	21	21	186	6	18	46	86	22	76	24	97	8	7	14	5	22	57	35	9	5	317	3	3	46	12	0	19
68892	2	4	6	3	13	24	68	27	8	52	0	51	28	4	3	6	26	5	6	10	20	2	25	36	8	78	4	5	6	9	3	10	21	26	7	11	6	7	4	5	17	7	5	211	2	6	14	2	6	17
1318	2	90	181	22	325	2884	416	311	214	116	8	816	577	53	15	26	226	72	107	81	971	105	1730	99	177	934	71	19	832	96	87	23	152	132	142	17	10	10	29	14	129	70	27	2383	10	46	228	6	3	41
1234680	2	11	9	2	8	31	243	82	5	23	2	116	35	0	9	5	16	2	7	10	43	11	43	8	6	96	18	10	13	53	8	50	24	30	4	7	11	0	6	27	18	4	0	64	0	9	16	20	0	3
1358	21	60	355	19	3	170	8	7	47	17	4	0	13	13	9	9	20	2	11	16	1013	9	21	30	59	106	8	8	322	17	215	2338	32	17	40	104	19	17	23	4	35	9	25	672	23	18	26	13	59	7
1363	6	4	147	0	3	831	0	11	49	4	3	2	13	9	10	0	4	5	48	24	104	7	6	13	9	2	2	9	11	25	42	4639	10	14	32	24	32	5	8	4	111	0	2	7	2	3	11	2	2	11
1359	13	38	44	192	31	96	6	6	38	0	51	14	32	43	41	62	6	73	85	35	29	18	13	15	6	8	18	18	29	110	14	79	40	5	13	27	8	30	58	19	32	23	40	18	60	40	69	40	41	35
1352	149	129	99	416	69	114	21	21	435	542	475	227	179	279	478	419	245	163	302	267	157	411	358	199	81	75	246	180	548	174	466	1486	102	292	804	265	317	324	78	225	11257	1344	90	213	214	402	318	475	241	312
44008	29	17	13	18	41	42	3	3	18	11	13	59	22	29	30	7	19	15	27	38	5	53	17	40	20	20	50	45	11	20	26	57	31	9	80	101	19	41	31	13	40	72	37	33	40	51	28	52	22	15
1351	22	5	497	19	18	100	0	7	40	124	16	24	23	20	28	17	6	17	22	34	42	31	420	9	53	30	40	27	178	392	30	8749	159	27	19	21	70	18	19	24	468	37	30	214	11	49	8	14	40	24
46125	103	102	97	101	103	101	107	104	109	119	103	104	103	100	104	101	102	99	103	100	107	105	100	102	108	99	98	104	104	95	113	126	130	109	102	101	106	102	105	107	110	103	103	120	102	105	105	108	101	96
46124	2	13	6	2	41	20	124	69	31	77	4	123	66	10	6	8	30	6	16	33	12	14	33	55	19	102	32	22	14	17	17	73	81	95	9	13	19	5	16	2	70	33	33	55	22	14	31	29	10	26
1260	16	14	21	11	17	12	3	3	13	68	14	9	15	11	5	16	19	11	22	9	8	44	30	39	13	10	19	36	18	12	44	6	19	37	25	26	36	21	22	13	18	14	32	7	18	9	12	12	23	17
1680	2173	21	3185	9	2957	7	243	2032	231	5314	56	68229	21028	350	57	58	3	6803	576	35694	14	17	3	13	100	19	53	1926	6907	40	63684	6	80	36	21450	1226	13	1469	3621	72	2645	48792	3691	7250	370	12055	38508	17	90	69
216816	142	31	4938	76	1102	48	38738	1699	6820	1096	98	15853	3819	101277	507	3061	283	116	31	26169	74	3664	170	61	309	4028	676	6637	7476	2162	6571	22	17	1796	1440	9580	40	305	850	515	573	1340	1164	812	1336	1829	2161	1911	222	3701
1685	77	56	79	61	97	25	516	42	121	65	27	744	95	669	38	56	63	100	26	214	25	72	27	62	141	67	45	173	122	38	370	30	24	30	185	508	15	37	37	91	42	169	404	74	67	78	124	84	48	50
1686	64	8	314	4	1060	4	642	54	571	236	119	20254	144	1352	15	47	5	125	17	171	11	35	3	5	24	4	36	136	86	18	1200	24	4	91	404	31764	2	68	147	74	27	571	7986	105	1027	474	318	43	234	90
28026	46	22	3125	6	938	16	12454	261	8785	4546	1054	17808	204	14944	6	5	2	515	15	249	6	7	2	3	263	8	219	2084	188	10	18649	13	3	1341	147	22880	10	332	300	1968	49	937	60738	169	18193	1959	773	685	1378	2552
1689	6	4	39	2	20	5	17	9	42	36	44	338	192	58	6	14	62	26	8	51	441	6	4	7	74	4	0	8	78	10	182	0	0	4	62	237	2	13	99	8	58	169	313	2172	28	29	70	3	22	7
1683	4	3	16	0	41	6	33	12	15	17	13	868	70	56	6	6	3	17	9	115	5	2	6	12	2	0	4	18	29	6	110	0	12	6	79	842	8	14	20	7	22	221	373	14	25	46	66	5	19	5
2036	90	84	73	91	78	89	80	83	92	78	109	78	92	94	92	101	84	87	95	85	89	100	89	92	82	91	98	93	105	97	84	76	85	95	85	94	88	106	87	90	86	79	89	88	82	94	89	86	104	80
43675	32	32	75	15	93	233	556	264	121	524	16	208	99	44	50	15	158	11	95	82	141	10	190	43	59	634	541	11	51	126	28	185	104	65	10	18	28	107	468	40	107	107	39	179	5	39	44	90	0	18
1660	32	169	244	217	169	322	529	138	85	906	166	567	440	108	156	105	279	156	167	424	262	148	544	302	419	1228	210	103	175	207	54	276	602	512	138	150	324	168	301	292	150	87	44	397	28	145	85	166	143	169
712122	11	9	33	15	7	2	28	18	9	50	4	26	19	5	0	19	5	0	8	17	21	5	11	11	77	7	12	21	13	2	0	37	33	9	23	5	22	9	13	62	14	6	6	21	2	5	13	24	13	18
544580	12	57	50	7	17	17	11	45	23	256	0	53	41	33	0	15	32	12	17	53	73	36	49	42	143	28	22	16	81	17	25	69	90	73	52	8	23	11	14	50	33	13	0	16	10	14	11	13	47	45
119981	87	85	79	89	78	81	80	80	93	77	81	87	80	86	81	83	81	83	84	86	80	88	79	80	84	86	85	89	86	89	81	83	90	81	84	84	86	93	84	82	82	84	84	85	88	86	82	86	92	85
74426	2530	15112	9649	7539	14615	12100	14708	12122	6688	3813	11284	15141	12706	43349	35045	9998	2767	12900	11583	11702	17016	9798	4995	3993	21029	4369	12179	23001	6543	8309	2647	4295	10095	11259	3756	13735	2948	8960	4189	4742	6664	14286	5752	108	4000	13444	10807	18013	419	18807
147206	8	27	18	15	138	51	143	14	23	328	31	891	211	124	51	24	59	20	32	1250	22	15	26	7	21	12	72	302	33	20	12	4	13	847	100	52	479	25	38	52	109	38	21	80	150	64	22	30	2543	844
1382	2	15	6	26	14	20	51	7	10	38	13	25	41	4	84	0	51	25	24	6	29	6	37	10	62	59	5	9	28	21	14	11	41	31	10	16	17	9	3	6	14	11	5	34	4	4	7	4	16	10
1871022	8	53	4	13	20	17	53	44	34	14	41	192	73	106	62	54	4	65	86	43	24	32	18	11	18	10	11	39	38	41	19	6	16	30	41	77	20	50	21	8	10	19	14	29	12	75	73	21	99	7
712411	3	23	14	9	13	6	12	18	5	23	18	43	20	23	6	17	0	8	26	31	13	8	12	18	29	18	14	26	26	8	10	8	19	25	44	22	27	18	14	43	22	6	8	20	5	31	20	23	30	5
1805478	2	18	7	14	27	11	28	18	22	13	43	80	50	58	27	22	0	94	111	40	9	13	12	4	15	6	16	26	47	35	6	5	18	83	32	71	37	66	21	5	17	24	17	212	19	85	45	16	186	10
133926	2	5	3	7	9	8	10	7	14	9	28	46	25	33	9	10	3	26	46	17	0	4	5	2	7	13	7	18	38	21	9	4	5	22	18	27	14	28	10	3	8	5	13	14	17	51	30	15	54	12
604330	6	20	6	22	25	13	20	32	24	7	55	44	76	84	42	32	6	41	64	20	30	13	8	6	21	28	18	58	64	31	19	5	17	22	33	74	18	51	19	3	31	25	23	20	21	50	39	33	81	16
2779519	5	11	15	6	15	13	10	12	11	2	28	74	38	32	9	7	3	62	102	28	18	11	11	8	0	8	3	26	31	29	8	4	13	28	22	54	10	47	7	5	8	12	14	43	9	69	52	13	67	0
1335613	59	50	41	82	25	30	6	40	43	13	71	16	120	47	380	382	79	39	36	378	40	334	16	35	32	3	173	80	141	18	284	7	21	234	66	72	22	28	68	28	38	338	32	52	43	65	158	34	137	462
471189	24	98	34	760	82	110	12	25	40	18	181	22	111	134	182	84	12	64	42	106	90	108	48	43	52	199	35	54	142	18	36	23	54	185	98	118	73	86	66	24	95	81	48	74	58	94	75	42	188	64
446660	73	115	1201	358	497	23	11	191	312	20	509	27	940	574	715	132	0	16	112	10	535	2105	15	8	212	9	9	257	545	680	1837	20	25	197	2286	67	26	242	179	12	70	12	182	51	195	123	374	822	208	7
2707299	9	49	110	36	305	7	0	30	59	0	216	9	126	441	89	73	3	17	28	5	73	187	20	10	64	11	6	46	193	83	183	4	14	21	294	59	24	41	82	4	32	13	33	25	24	49	122	90	77	7
84112	59	656	44	594	116	252	99	601	104	45	948	2927	163	252	1355	739	1727	2154	105	2829	172	1775	205	1179	2092	3516	2691	434	355	226	2721	18	156	1789	349	409	258	131	93	1974	212	1714	194	252	364	360	231	306	300	2883
502558	8	30	29	22	11	8	12	3	53	9	99	11	41	26	52	62	6	11	24	5	14	8	21	4	19	7	5	24	60	10	3	6	18	18	44	45	18	23	12	10	21	8	32	43	10	60	16	43	66	5
2690837	3	48	45	92	33	11	12	21	37	13	62	27	75	62	63	43	15	36	18	13	24	60	27	12	46	19	22	26	45	19	77	8	28	33	98	54	20	30	39	35	38	38	25	896	106	95	46	71	125	64
84110	21	34	39	49	28	14	9	4	20	5	55	29	69	58	41	35	0	15	33	20	48	25	56	23	27	16	13	58	71	18	8	16	26	39	69	35	80	52	20	7	19	25	36	19	20	86	55	33	85	25
1907662	16	17	16	87	17	31	11	6	81	3	87	6	143	163	111	121	6	12	65	53	32	73	44	26	85	20	8	79	95	95	36	9	22	146	102	199	76	63	36	14	43	109	103	67	46	90	28	57	113	7
1531429	11	20	25	14	33	15	6	5	27	2	30	13	55	25	28	27	3	17	21	6	11	4	24	10	20	10	2	22	71	21	4	4	16	16	45	38	25	28	36	6	16	8	29	37	17	44	43	28	164	11
2734634	4	27	2	18	12	2	7	8	22	4	31	22	32	28	51	34	0	8	11	9	10	6	10	2	12	6	5	18	31	9	8	7	17	6	23	30	13	16	16	0	16	3	20	13	13	41	20	11	48	2
79604	5	19	18	22	10	7	7	2	18	9	20	16	49	26	28	26	3	6	24	8	12	8	17	5	17	15	3	14	48	20	8	9	15	14	26	28	24	18	29	8	31	10	28	19	25	46	26	7	81	2
2682776	5	30	13	11	14	8	8	0	28	13	38	13	45	59	41	34	0	9	28	8	16	13	18	4	25	21	7	25	62	7	6	4	18	11	36	60	24	29	27	12	17	9	30	29	18	58	24	19	84	4
1870985	4	51	23	17	16	14	7	19	40	15	60	22	67	60	65	60	5	11	31	15	27	13	31	17	38	12	3	21	66	12	5	7	32	5	85	74	19	41	37	20	39	30	38	59	33	78	47	49	118	5
328692	72	70	71	71	70	65	65	71	68	70	65	64	70	72	68	73	67	66	65	75	63	68	71	70	70	70	74	69	80	73	76	69	64	66	70	64	62	79	63	73	69	72	70	71	68	74	73	63	70	67
46506	62914	2832	2714	47866	12073	1720	214	530	11104	93386	5785	185	1213	1799	17123	4193	25388	2192	4528	71526	3458	4049	29234	15386	7006	3747	26121	23503	1136	629	27319	809	1416	32485	25568	407	5431	812	1114	25807	2313	6719	166	11440	19153	1014	18759	22330	4473	4913
28111	16536	499	270	12102	921	114	74	237	3219	3533	3408	17477	1288	2253	224	1018	5817	414	343	756	1833	998	2537	2834	4527	731	3858	3649	1367	606	1677	439	453	3957	404	12404	7142	1889	841	3242	659	756	163	4921	2357	417	1579	1904	450	984
820	16871	2747	2409	21975	6681	1554	852	1639	13511	9645	8162	43648	5240	7486	69196	5834	31351	25369	1730	30597	2371	90437	17107	4164	7130	3686	31141	10986	1846	2445	41669	1117	1753	92960	29558	27240	13805	3313	1603	17198	7960	23688	1065	158597	67441	8313	9060	12889	11551	5821
2528203	1498	182	56	1304	527	175	109	56	941	1405	224	808	120	4426	1288	395	1495	1503	150	1879	175	3349	5949	401	1487	156	1910	1653	88	76	1215	227	383	1685	1356	1046	675	129	176	928	216	1399	57	4472	2155	262	731	954	345	1229
2755405	1102	487	50	438	459	142	0	31	503	421	396	427	214	3362	877	300	902	383	110	945	54	1330	610	240	616	213	1394	389	34	124	1285	124	141	1323	658	678	807	169	118	553	212	500	16	1547	1284	225	164	476	116	321
2763022	290	188	840	224	419	209	129	138	136	402	94	52	191	151	2929	250	1099	254	133	289	379	576	2966	447	605	352	604	535	496	471	12560	40	268	264	106	238	421	183	171	20135	598	153	264	847	124	84	162	876	288	423
556259	283	355	319	229	724	66	25	291	191	236	94	25	150	112	936	244	953	446	85	296	71	500	296	201	312	84	483	476	276	146	11165	19	408	193	59	100	166	184	270	10485	171	97	65	865	129	92	133	865	149	743
2785531	831	120	71	771	203	92	0	0	356	305	141	648	130	3293	1590	734	1641	1251	22	1306	187	1822	657	257	296	143	692	1169	76	37	938	43	124	1146	610	612	1397	66	98	404	223	12455	52	4231	1223	466	237	537	443	979
2847299	687	1616	950	358	369	748	3353	1736	112	458	1905	806	534	264	764	810	638	917	488	3483	769	951	691	1161	1322	631	471	784	411	1262	488	664	2290	508	369	793	502	2079	2242	2006	1976	189	1191	1749	295	926	623	707	504	250
2709390	10	57	19	85	162	0	0	143	19	90	11	110	22	26	22	63	167	35	10	98	11	108	52	72	50	43	37	27	271	20	97	6	29	28	48	144	84	0	15	37	70	61	16	93	106	11	21	17	6	24
371601	5646	5053	3453	2943	2534	3312	5162	7286	1075	3504	7525	1083	3518	3734	7883	2815	11810	3159	2788	3717	5387	8115	13577	6964	5062	5468	3313	6062	1984	7911	8161	1705	6023	5613	11242	6083	4529	6104	4662	43416	7574	2072	3447	36820	2024	3171	4876	4033	7733	9792
818	3664	5727	9958	26661	3573	4795	12599	12291	4453	11828	10245	2082	4933	1492	11370	8368	13865	15915	5397	5677	6428	7274	9752	9189	3686	4726	16805	6454	3624	9655	13567	2324	8315	9844	2417	2264	7282	6771	7137	14330	6451	5615	6471	74429	2842	4498	5895	6245	6063	5678
2650157	2850	1537	2422	2157	847	1517	375	606	2942	3373	527	40	316	1302	402	2518	17697	5770	666	1717	388	12229	1981	1672	2600	670	11738	1589	1079	369	848	142	554	2130	190	258	3100	360	550	9143	396	115	148	554	894	276	1205	10469	1091	2383
817	18621	8540	6133	33246	19069	6471	361	6167	12016	8785	11377	28240	4183	10030	15567	16460	15207	9894	5771	29753	3367	13079	38802	16169	21073	25966	43097	9461	9042	8997	2866	1340	1573	18113	13763	10990	39411	11634	6544	28521	8425	10091	4464	32523	12249	13560	7900	32818	10547	24655
674529	2420	519	531	1423	841	287	580	895	546	1966	531	510	1020	378	308	1041	2508	634	476	1451	485	1485	1692	691	1549	2801	1766	2678	261	470	704	155	838	891	501	287	1126	474	664	1951	759	280	412	831	606	388	714	837	790	1455
28116	3650	2493	3321	4518	10852	540	2972	5748	3162	4207	3730	6035	3211	1297	18251	3178	8541	4312	2056	4392	2929	6329	4757	7061	4393	2692	3576	7160	4023	1575	7845	623	2490	4577	2688	1973	2216	1777	4178	19387	4572	3150	2051	11050	1260	1646	2940	8894	1954	10877
291644	1650	3853	220	15155	3888	503	102	278	3782	2576	437	292	294	266	233	723	3682	690	189	882	251	526	3405	415	1245	633	6992	2045	86	168	1468	154	363	1857	2404	472	1604	469	1601	19937	374	1022	163	1099	6227	4827	246	778	4985	1280
329854	1110	345	219	9398	406	223	105	349	400	1619	679	51	338	117	4503	604	1143	233	115	656	292	907	1211	443	1432	298	896	1059	556	147	131	122	196	381	428	1292	600	341	563	274	239	36023	713	539	411	314	1408	552	407	556
47678	1051	10382	3507	10633	1542	1587	359	2884	1510	3346	1020	173	3726	3121	7426	11143	39019	5006	462	10561	3303	9150	7177	2503	8205	1410	8817	4062	7113	1156	9472	180	702	6601	4897	518	18593	699	2930	23579	4493	1925	686	553	27660	9874	2506	5743	4655	21780
291645	931	1009	843	658	540	626	1288	710	247	1125	1038	1240	447	541	182	1216	1747	1386	453	721	444	689	1473	1249	1187	495	1105	1360	4180	727	157	394	1216	560	406	364	821	1158	696	561	1044	641	535	6661	308	404	439	909	1411	939
246787	685	658	248	19851	768	302	620	667	245	955	1174	817	297	571	720	637	944	9044	292	804	342	1603	6295	761	1908	892	1169	1116	686	258	636	149	426	492	609	7943	2315	1046	404	444	528	3224	282	678	589	397	538	678	17676	1035
290053	481	253	159	303	253	186	80	174	134	775	181	18	107	376	105	412	567	155	130	367	203	253	984	311	927	323	639	825	19	114	104	152	341	298	92	107	606	205	145	249	313	119	105	1129	269	163	160	2044	120	577
2715212	480	329	270	272	285	210	177	177	171	926	173	40	150	158	181	478	871	341	106	519	182	475	1216	205	776	335	951	955	530	172	347	116	321	300	146	103	657	211	209	1262	307	276	128	897	211	174	139	488	172	729
1796613	367	216	68	913	294	127	62	220	236	503	190	224	141	213	256	353	641	207	62	332	142	377	1240	140	619	438	563	510	107	97	299	140	169	422	171	116	509	95	199	1396	267	265	81	1319	289	132	186	399	210	557
28113	338	166	125	131	339	66	18	37	74	602	243	23	102	139	54	418	316	46	183	312	225	167	721	307	627	282	485	686	24	151	32	88	355	267	55	74	477	159	131	125	316	52	120	254	117	109	162	511	81	379
28119	255	192	173	141	176	109	107	228	88	613	378	43	124	111	62	330	301	296	130	279	211	153	816	406	667	340	507	774	25	152	45	79	392	185	67	84	385	216	172	102	277	54	141	255	188	287	139	416	77	432
2650158	253	132	53	209	184	90	0	58	115	401	122	54	75	105	342	279	536	150	55	272	90	497	938	169	381	147	391	553	110	54	799	31	93	274	163	132	291	55	141	1721	156	88	68	1457	166	101	129	418	242	304
2792859	948	208	240	1288	423	75	0	35	867	977	551	691	131	7185	2218	1661	1641	1129	127	1364	69	3184	3814	353	1192	594	1244	678	159	39	909	130	111	2558	630	1536	1225	190	84	951	271	1494	27	4834	2442	1159	508	1175	559	506
151276	92	98	73	64	46	32	174	185	15	115	33	3	115	21	3	143	260	67	58	99	60	60	267	212	239	126	138	275	2	37	7	48	88	87	22	77	114	160	330	69	33	24	158	60	22	66	34	76	24	207
821	69239	25390	10935	40840	2815	5964	13864	7210	22043	119127	4304	129889	8592	15395	115742	4574	86875	45722	3624	27712	2887	82689	36553	51174	22435	12428	92636	25432	34286	12448	26470	6148	13178	118565	12153	17904	81896	14112	8405	109716	11754	29770	6270	6426	10860	2806	27288	93081	18855	15800
387090	2486	1413	2761	1532	4141	752	3913	3111	855	11364	2021	6989	1717	236	198	4988	5728	41423	1322	5064	1377	972	12914	1465	7868	3964	7505	12238	279	1397	183	882	3222	831	401	615	13836	2263	2162	2683	3283	321	1357	198	276	1438	20092	406	325	8368
357276	2514	4341	1147	22049	32203	12522	1505	8617	33001	5133	11562	17977	1677	12444	2915	26239	27245	12238	4357	16755	2506	21202	25237	2270	3171	1414	3851	3673	1754	1827	104255	2117	1333	20686	3119	1589	4551	1631	3070	25539	7123	5613	1184	4466	63934	26527	1643	9767	1122	37645
376805	1123	583	347	559	1279	326	417	344	453	3218	468	215	330	346	547	1534	2225	444	266	1320	518	445	3892	394	3732	1231	2400	3887	115	363	80	183	850	592	244	143	1586	512	458	1233	741	176	270	275	489	472	514	466	275	1949
310298	1694	531	0	3308	236	86	0	0	134	4689	758	0	171	195	0	2600	15566	258	75	78	1240	83	10484	387	10332	696	98	13772	0	288	0	296	0	346	239	0	1805	95	107	7873	3361	907	0	0	102	0	840	60	146	1112
823	10859	9395	1733	20579	6830	2334	2386	2909	5802	13004	1801	10783	2297	6326	8866	5369	11337	5746	2193	18911	7027	15866	14541	13061	11869	12446	11150	8612	3427	2465	9457	1430	2222	23748	4554	9958	18147	4157	1019	13236	1695	1946	680	890	7602	4113	3495	4196	12745	5937
46503	3645	1485	1371	743	1568	1003	196	217	610	2432	2143	558	2645	4835	6383	2200	3910	270	1453	1100	5643	1191	3101	2815	2397	3071	576	2407	629	748	261	406	529	5737	4020	1851	2776	1444	1579	133	987	1174	720	215	2690	1549	1233	3629	3784	4671
328812	454	440	157	1234	161	224	145	178	164	467	127	1164	157	59	42	310	930	152	90	1579	235	301	553	230	356	422	335	546	357	135	333	74	240	268	228	326	303	216	148	325	202	68	116	3023	136	1211	421	347	244	278
387661	372	126	67	737	3097	45	41	1565	2032	463	213	174	147	95	625	554	401	1554	131	8229	405	112	860	832	935	222	2816	551	371	242	258	44	127	282	515	1632	196	327	619	230	248	436	56	180	310	201	1635	89	337	555
2025876	291	330	889	283	107	23	0	39	64	1708	35	81	198	211	4938	34	71	28	74	499	31	1145	215	91	221	28359	457	877	58	0	332	0	162	2107	151	24	231	44	296	125	76	477	0	360	533	112	76	73	470	270
2685834	160	110	59	1436	100	136	235	78	72	363	114	25	389	77	53	189	1278	81	232	221	107	515	530	126	1117	142	571	1226	53	75	150	74	167	320	69	325	499	130	92	196	101	148	59	1043	44	183	53	100	851	186
1217282	125	93	61	166	89	86	340	137	50	248	52	58	78	38	64	161	342	51	44	180	80	105	295	115	211	124	221	272	28	50	185	18	94	117	58	69	225	107	79	147	112	38	35	910	70	89	73	68	195	201
28112	66	21	84	21	35	31	0	57	12	47	63	2	47	15	9	53	34	8	39	36	73	16	77	66	66	52	40	63	10	69	6	32	61	45	19	28	57	62	50	15	56	9	40	18	13	23	40	46	21	52
712710	64	16	56	18	0	12	0	30	5	30	77	3	37	35	15	18	14	16	44	19	92	12	48	127	7	111	20	52	18	82	19	12	69	49	15	29	52	58	36	2	73	5	34	6	6	27	62	26	34	13
2691580	324	59	570	14	44	403	130	507	16	39	637	0	544	28	12	51	31	16	575	38	1065	15	369	1031	307	808	55	723	22	764	8	177	706	643	16	313	852	617	398	10	1108	10	502	4	9	114	556	186	147	74
2913621	314	108	534	22	82	430	34	575	11	145	712	2	313	22	5	60	61	32	546	78	983	27	281	941	486	542	118	547	17	614	19	140	656	516	29	273	651	451	422	31	786	9	697	14	15	113	457	229	111	87
2937774	301	129	630	20	55	677	218	702	9	91	734	2	382	14	5	38	40	56	662	35	1007	18	193	886	418	707	61	538	8	732	2	140	732	533	27	368	642	546	442	14	878	4	797	6	6	135	566	223	110	174
712471	247	30	279	13	12	274	22	335	8	30	378	5	248	37	12	26	33	7	319	17	516	8	156	570	166	367	31	378	12	407	9	101	413	358	24	190	460	293	231	9	507	5	356	4	7	51	345	136	102	42
2913616	257	96	521	23	78	606	87	766	10	98	625	0	486	10	0	62	63	65	686	69	1199	22	290	959	428	656	96	640	9	859	7	178	783	502	27	381	735	606	456	19	1181	5	799	13	6	108	539	250	101	81
2913620	197	107	613	22	88	516	209	749	17	73	658	2	369	11	0	54	56	68	537	50	963	20	212	684	602	439	64	368	15	622	6	129	476	372	27	310	449	481	467	28	886	8	640	10	10	189	385	341	76	125
652716	101	46	135	11	0	138	53	247	0	7	205	0	182	9	0	36	40	34	226	14	249	4	62	254	168	225	6	172	7	231	5	58	196	170	12	123	247	118	121	15	192	11	256	3	3	45	126	84	31	46
28131	1046	1320	781	66	118	635	3148	3010	42	117	1291	20	949	25	25	97	144	102	1073	80	1774	39	494	1490	711	1084	140	957	25	1605	150	246	3380	737	62	691	890	1002	1904	86	1857	31	1748	19	54	579	1530	368	179	1425
28132	637	719	1915	98	772	2151	2111	3930	40	137	1774	6	1039	24	16	152	266	461	2056	143	3177	69	485	2029	2626	1430	181	998	47	1919	9	540	1820	765	150	1062	1271	1651	1784	111	2082	44	2856	30	29	573	951	1341	203	479
839	431	364	1265	16	213	1110	434	1276	26	177	1187	16	785	26	13	90	51	128	1047	85	1905	42	306	1444	921	880	137	844	32	1253	12	322	1335	683	91	515	1012	836	929	28	1549	16	1348	12	15	422	784	761	169	258
2913614	368	166	880	21	121	1092	239	989	28	109	928	0	517	18	8	88	60	81	838	59	1620	29	303	1240	668	678	81	661	19	1052	5	284	904	572	47	482	632	728	700	42	1365	10	1085	25	12	265	629	452	167	138
77095	354	420	912	40	403	1658	1549	2204	20	77	872	7	540	22	11	94	117	820	1156	65	1506	30	284	1161	1300	725	70	361	89	1004	17	229	872	774	45	378	380	1092	1178	50	1252	12	1635	9	14	443	510	397	88	662
52227	349	228	780	27	735	820	293	1097	14	48	1009	11	811	63	4	106	55	113	1065	35	1753	15	272	1727	574	1150	64	871	40	1290	21	253	1248	786	57	606	1034	967	783	15	1814	10	942	11	6	223	906	362	174	234
589436	323	84	587	67	55	442	133	751	41	128	739	12	359	38	17	46	43	55	500	68	938	43	200	854	589	556	122	704	7	547	2	139	2619	527	33	318	1723	468	472	73	921	6	604	7	0	169	396	303	100	96
28129	313	248	801	20	293	1037	402	2352	12	116	912	6	766	23	9	59	60	159	992	56	1517	14	238	1067	566	1176	95	583	41	1134	8	291	1014	544	49	502	725	883	578	30	1373	8	889	16	5	205	790	535	231	312
28133	367	83	363	33	150	305	240	478	11	61	414	0	395	25	11	96	124	64	418	64	700	17	163	466	344	859	52	398	6	529	12	143	320	312	47	332	332	720	308	62	806	11	610	18	13	117	414	177	108	46
1177574	248	430	1622	27	404	683	1515	2661	17	91	1388	4	652	5	4	301	67	569	994	43	1600	19	195	1081	640	688	42	506	61	1037	13	517	625	371	87	478	477	726	1332	14	1685	0	1423	3	14	315	1431	461	249	317
28125	195	552	602	13	395	683	228	1221	14	156	597	6	342	6	10	26	35	251	616	28	941	7	141	689	1875	605	29	230	19	627	5	104	863	229	11	329	284	338	477	17	567	5	686	4	16	254	299	668	99	73
28135	181	49	511	20	35	493	77	583	0	71	447	0	273	14	9	34	41	47	538	40	860	8	151	518	616	346	32	299	13	489	3	105	463	278	26	302	388	470	416	30	977	4	661	12	6	148	335	274	73	62
282402	213	27	588	6	23	453	11	600	12	44	619	0	557	26	8	26	35	19	558	20	862	6	185	901	294	493	40	516	9	699	8	184	1829	501	37	310	551	455	363	9	989	2	430	8	5	129	440	240	101	31
28128	157	186	386	83	112	382	214	1711	5	113	506	5	576	15	23	103	48	98	648	92	776	13	139	593	358	1091	31	590	4	1060	242	159	902	395	30	243	335	368	536	17	2896	7	926	10	16	188	1044	146	48	182
2801997	130	132	355	8	150	978	152	801	9	57	444	15	198	10	4	59	55	36	534	40	693	9	117	403	577	281	33	222	2	355	13	107	392	158	28	248	222	275	356	28	566	6	749	9	10	189	200	230	38	89
470565	137	278	330	6	127	179	143	471	16	34	279	3	173	3	2	42	31	126	250	18	393	2	74	382	394	165	17	183	11	284	4	44	521	176	16	178	190	346	254	10	355	0	413	6	6	80	164	154	47	214
28137	105	60	257	23	27	471	160	852	11	40	380	0	213	10	0	41	175	14	287	22	1093	18	125	329	292	162	14	177	4	374	3	59	266	109	12	147	401	191	278	23	440	3	353	5	13	81	159	174	45	25
589437	94	57	169	13	60	235	123	619	7	35	222	6	102	0	6	19	37	7	248	26	473	9	71	281	356	242	31	145	4	253	6	50	181	82	15	157	168	215	225	22	324	5	282	3	5	102	137	153	27	62
454154	2556	1169	2846	7131	7250	792	322	1020	1354	421	1278	45	2648	2160	18	4288	2687	362	1641	145	2492	956	1695	1461	277	2548	6521	6126	24	1254	28	499	1530	14294	1820	3994	5752	4042	1344	56	1892	51	858	46	10279	352	364	2052	2141	5917
454155	781	320	218	1607	1388	178	31	1062	266	354	205	23	337	111	733	874	331	238	365	350	535	354	587	239	397	453	1758	1196	51	110	72	116	639	1828	489	793	859	788	163	231	322	54	186	57	958	133	243	243	287	884
165179	1174	186702	213537	162	227361	154706	365213	210324	100	201	57663	52	85467	4045	56	31747	212	141556	89885	123	118276	49	667	122627	60282	59156	152	1574	8667	123482	36	24059	212385	2757	5041	32431	1757	106590	157668	97	20494	38	84987	21	26	84122	5729	56939	2616	117395
28127	608	964	700	56	95	572	2321	2344	10	177	1473	17	720	34	16	101	308	552	1132	57	1963	26	377	1513	670	1255	63	589	8	1686	7	132	1679	505	22	452	1083	1535	978	46	1440	14	957	43	43	284	389	229	262	203
76123	148	75	211	20	12	137	109	330	12	62	282	5	138	5	2	35	43	5	239	41	481	9	148	339	315	230	26	290	7	271	6	75	247	243	20	195	349	172	216	15	491	2	270	7	5	63	224	155	49	61
2133944	281	20	132	26	36	91	0	127	26	49	327	0	85	16	12	22	48	17	239	36	199	25	139	411	97	489	91	229	11	170	14	136	362	158	12	98	246	230	84	33	212	10	131	12	3	31	165	43	34	56
214856	1355	569	427	3472	2151	427	417	761	587	454	565	10	317	10682	1229	1730	785	4457	442	6510	761	273	1070	1386	2831	470	1053	331	1041	743	708	128	285	162	925	381	342	514	514	300	845	2129	477	461	587	1848	1139	4118	1266	923
2585118	1031	423	586	1370	44	203	31	135	853	58	2013	14	456	1283	2092	3107	1224	792	416	2324	87	178	605	276	446	415	933	316	1536	448	2322	16	122	167	7312	1812	202	365	873	341	339	3840	333	2129	965	1422	809	25	8872	51
328814	756	2098	103	3078	13	385	6	69	625	63	996	57	1283	5278	3133	5661	4626	3616	476	1791	307	544	3401	868	228	191	5326	421	942	352	4704	57	151	45	8357	2753	441	358	1052	29	282	288	803	231	198	2136	1613	42	2906	16
2364787	474	2658	1445	503	101	930	4538	4258	115	82	2151	5	701	382	464	644	192	1252	835	713	839	78	345	1765	181	163	274	996	480	2386	457	442	3634	215	222	448	241	3343	1944	8	989	155	1106	214	384	878	298	239	627	228
328813	409	484	662	5726	93	79	21	59	3256	310	2874	21	633	1825	1208	4068	1300	1122	81	1867	89	407	1739	312	2537	88	850	305	8396	119	620	144	101	1671	1836	1471	888	577	135	4623	133	1299	430	323	7636	5578	275	564	49494	438
1288121	191	253	296	544	32	76	0	100	196	16	338	135	110	1641	923	484	473	511	147	862	162	861	490	166	213	73	403	92	718	212	565	13	103	62	517	477	101	292	110	23	86	762	693	241	450	509	167	113	813	48
626932	168	448	1632	190	218	690	263	6997	59	40	1051	0	102	123	97	312	93	705	987	226	59	79	155	645	71	337	132	57	1879	384	89	237	155	47	137	113	94	1261	340	386	2119	189	872	54	48	3853	592	82	1410	1325
2662363	156	84	32	278	34	40	11	32	76	67	65	0	178	332	127	591	87	530	19	182	38	146	143	42	49	43	101	56	1462	25	67	10	17	63	58	55	45	69	19	30	50	41	86	50	108	101	49	56	1369	38
1470347	131	95	143	434	147	27	0	82	183	12	336	0	17	1148	203	307	567	156	119	220	57	267	243	303	61	109	119	66	174	174	111	5	38	178	1817	22	102	54	514	10	48	298	256	936	38	193	52	105	835	5
538949	84	227	111	315	41	107	79	57	144	101	203	6	30	467	533	440	286	459	41	696	81	64	329	93	130	84	334	145	323	53	242	17	119	60	204	58	100	82	46	10	68	140	42	154	105	359	70	12	388	32
2585119	84	204	159	1109	568	35	4	21	251	48	263	9	688	587	618	529	382	494	33	703	79	1792	346	117	199	40	305	138	976	60	322	12	48	199	496	93	109	90	24	54	75	167	13	264	829	1264	106	23	472	28
28118	3195	1210	80	1871	650	108	133	579	1632	155	2702	263	803	2031	2757	3313	3997	2566	799	627	1752	1260	1943	1235	480	571	2904	975	150	1168	68	71	1165	1122	1601	966	874	3383	972	61	748	517	1495	671	57	1699	2543	1951	3712	1908
2093856	1013	184	115	1785	366	40	43	1631	220	84	267	7	933	80	111	242	310	384	303	508	470	224	418	248	303	1365	480	447	282	1891	212	225	390	672	103	511	1133	562	1789	44	1323	102	807	53	1464	781	1094	294	321	491
544645	269	959	34	2718	34	130	42	95	592	178	793	96	767	1019	20	2023	827	1134	561	1414	324	1289	355	1264	588	225	1147	1065	1345	594	1057	33	205	871	1958	325	961	1246	402	47	123	802	876	7	25	2601	217	2282	826	1198
2530390	150	48	128	304	42	76	25	148	24	148	186	34	72	64	29	96	48	23	148	43	154	10	210	224	271	123	68	142	196	178	124	35	137	96	151	102	156	152	110	4	113	3	114	8	10	102	231	83	36	93
1796646	105	47	44	690	23	19	50	59	10	75	119	5	46	22	29	63	79	11	63	34	125	13	145	236	45	251	56	128	79	116	103	23	121	65	8	83	157	89	79	13	121	12	71	5	15	27	222	22	20	54
2606626	109	51	371	47	39	151	391	590	25	13	294	3	139	17	7	48	33	50	301	8	296	33	153	776	293	487	21	197	60	457	43	62	329	249	14	201	235	423	216	12	384	3	261	7	4	93	352	139	81	32
2518971	100	29	82	127	62	55	4	92	14	106	99	36	36	24	16	128	100	100	98	61	101	36	135	149	88	148	74	135	142	87	59	43	125	70	14	74	138	100	73	23	85	15	80	4	66	65	230	35	16	70
397865	245	78	187	427	263	134	5	86	99	542	201	7	91	141	738	330	226	400	129	697	172	238	564	231	189	269	464	651	61	114	365	46	154	220	130	105	281	182	134	73	218	83	144	96	563	123	192	103	173	949
1099853	92	16	97	381	22	8	7	125	442	118	30	155	25	179	143	604	182	138	18	53	40	2359	176	47	220	100	138	276	565	30	129	7	54	164	165	13	65	28	45	342	68	40	21	15	309	28	76	37	60	1076
1501392	72	114	13	287	139	136	0	19	133	220	54	34	60	169	81	130	296	57	13	177	29	737	479	27	237	121	815	192	24	27	28	30	63	118	257	29	87	47	55	80	162	26	19	42	223	649	43	28	68	270
837	121	48	113	30	31	58	234	80	25	62	443	0	68	12	21	48	72	38	53	42	100	42	95	155	160	75	57	107	27	90	16	52	75	63	48	19	78	79	60	52	160	11	46	9	43	33	71	26	45	240
36874	35	5	20	8	14	3	0	11	4	45	40	0	17	2	0	20	23	7	23	33	36	4	50	45	20	36	27	58	8	25	15	6	46	21	6	13	26	27	17	7	35	0	19	2	2	13	22	10	12	14
712435	26	16	60	10	2	44	5	20	3	10	41	0	43	5	5	9	11	7	53	5	80	0	23	67	15	65	6	56	12	45	7	11	64	39	4	32	69	49	37	0	55	5	52	3	3	26	20	18	12	8
322095	19	18	22	295	27	56	32	65	7	32	36	2	37	9	10	19	51	29	29	4	17	11	37	45	28	83	20	28	9	11	7	11	29	13	23	11	23	22	29	13	24	5	22	7	12	14	27	10	17	23
28123	19	10	38	30	5	2	0	20	2	28	45	0	25	9	6	9	21	3	35	29	40	8	31	49	18	78	11	23	5	33	2	8	28	26	14	17	87	67	13	2	52	5	30	5	9	5	22	12	7	13
1642646	162	107	17	68	80	21	59	227	23	139	61	28	38	11	25	69	26	116	227	76	335	35	131	143	84	367	219	161	33	295	45	13	266	49	16	110	109	85	53	77	240	14	195	69	61	25	63	36	27	129
1642647	42	27	29	18	25	9	4	17	12	73	28	0	10	0	8	40	42	11	23	26	43	11	85	31	86	66	54	73	4	24	12	11	24	12	4	19	36	25	29	21	24	4	29	17	10	34	14	15	9	46
2829812	33	23	17	14	14	0	225	17	8	44	26	5	16	4	3	24	45	17	11	15	39	16	75	23	60	24	35	68	2	9	5	13	25	26	10	8	41	19	19	9	17	6	14	2	5	10	14	18	7	25
2714926	24	54	0	18	12	8	4	36	5	0	0	0	20	4	11	25	20	52	0	0	11	7	29	28	37	44	20	19	0	36	5	0	71	4	0	10	20	27	45	13	22	0	12	5	0	9	8	12	0	64
2714927	10	12	48	10	30	40	0	20	4	75	28	2	9	4	0	20	52	0	8	38	23	14	44	8	40	23	33	65	6	10	2	11	17	6	10	6	11	6	9	24	5	6	24	15	5	11	8	16	20	45
185300	13	19	3	24	16	10	46	5	7	41	28	2	8	10	4	28	75	13	11	25	18	18	83	31	74	34	61	79	2	8	5	11	21	17	10	20	48	17	18	26	18	3	20	9	9	12	13	12	14	38
3003260	90	80	69	100	76	74	72	85	88	90	79	79	85	79	82	81	107	76	101	80	91	77	92	79	91	94	93	77	76	80	79	79	89	87	90	71	71	92	89	80	82	82	94	83	96	82	79	72	77	80
3003261	7	6	20	0	24	2	0	35	5	27	25	0	7	0	2	16	8	3	0	23	13	2	26	19	85	26	16	8	0	4	0	6	24	2	4	2	10	9	35	3	10	2	16	4	4	25	0	28	2	25
1316596	13	20	21	0	36	0	65	53	7	51	21	0	26	0	0	18	3	27	10	11	46	8	32	43	36	25	32	25	0	20	4	0	56	14	9	0	28	22	40	4	15	0	17	6	6	12	13	7	15	51
2545799	6	13	42	0	45	60	11	76	0	31	22	0	21	0	0	11	3	8	2	9	20	3	10	25	54	16	22	8	0	12	0	0	25	0	8	4	9	16	0	6	12	0	8	0	5	25	0	25	0	58
253	45	16	17	16	18	27	0	6	35	32	22	24	22	0	14	27	31	12	17	22	23	19	63	29	60	27	43	124	7	24	9	10	29	10	14	11	10	10	19	29	25	12	12	13	5	21	15	10	19	28
28251	17	8	7	7	8	16	18	6	7	10	16	2	10	11	12	23	21	5	14	26	29	14	113	23	91	13	10	24	5	14	3	2	12	9	8	7	16	16	27	9	19	4	20	14	3	20	7	20	9	29
2910158	180	162	215	167	167	180	162	174	175	174	171	166	173	160	169	189	174	172	162	170	166	167	171	173	177	172	170	189	165	174	171	165	202	165	170	170	170	174	174	174	171	165	191	171	171	164	183	173	162	163
2714932	12	16	0	23	29	13	0	0	5	46	18	0	11	0	0	22	21	17	18	18	22	11	71	0	32	33	26	24	13	0	19	13	14	0	9	13	52	21	14	24	22	0	15	0	5	14	14	0	0	15
2859768	6	29	49	5	10	45	51	12	11	33	5	0	14	4	2	18	23	30	5	16	0	4	33	0	6	15	16	25	6	5	0	3	26	5	3	0	8	37	34	0	8	3	7	0	4	8	0	9	6	39
1538644	31	9	43	7	0	0	9	9	5	28	16	0	19	4	3	20	46	10	4	6	32	10	25	18	45	17	13	59	6	6	7	3	6	16	3	4	38	7	28	22	7	3	22	10	6	21	25	18	3	14
2027860	25	58	19	13	30	36	84	27	17	20	22	3	0	0	12	30	15	24	12	28	20	7	51	46	44	30	18	38	11	12	9	3	62	12	9	24	16	36	37	4	23	0	25	5	15	0	12	7	0	46
573	717	80	10222	140	61	1163	19329	2645	405	193	833	9437	23824	40	1548	940	1272	129	2863	5753	12718	97	541	52	566	4637	29	0	6456	3038	1498	211132	2115	49	1436	30439	268	2107	356	17	4923	11200	875	16266	122	832	25415	515	267	1038
1463165	15	7	1203	33	11	71	222	81	23	31	26	281	14937	11	49	19	351	4	537	3476	1228	5	28	25	64	113	12	35	414	248	318	32805	709	7	51	925	47	58	642	4	1421	222	12	10661	0	134	12225	243	75	166
244366	7	6	1828	69	4	19	90	77	18	7	313	42	2165	8	19	17	83	0	86	1570	732	15	9	8	169	53	7	8	299	1449	666	17164	710	6	56	1383	24	65	30	0	95	83	10	318	8	147	597	17	5	55
1134687	4	21	49	16	0	8	28	0	15	0	85	35	113	6	6	8	3	4	37	33	101	9	19	14	4	49	0	0	70	94	20	933	15	18	24	155	11	360	21	20	128	51	13	74	8	38	118	16	31	0
548	2	0	99	2	3	10	24	10	6	2	15	29	134	2	21	4	11	6	44	40	243	10	7	4	10	59	0	2	527	24	11	6295	55	2	15	145	12	11	7	2	48	51	6	56	4	8	112	4	9	6
562	115	95	4313	85	13459	11486	3075	1398	816	787	2380	59653	807	571	4439	1351	139	1970	6313	7432	1618	9205	22233	1054	421	112163	3353	228	8661	2835	4706	11766	4799	409	135	25681	39758	1089	307	76	9736	53748	256	740	528	4721	6217	1565	600	1031
208962	9	3	19	4	36	29	5	4	7	0	9	115	6	7	12	5	2	13	24	17	4	32	62	3	11	310	9	5	49	23	18	73	26	2	6	115	127	7	34	3	29	132	2	2	3	6	22	9	3	2
550	15	11	299	17	11	53	19	29	74	188	153	60	6287	9	173	21	56	13	1251	277	510	13	18	17	83	66	8	27	202	1504	81	18605	162	54	435	488	52	1424	17	22	197	71	9	288	89	79	3737	52	21	191
61645	12	0	51	14	21	41	4	0	20	9	31	90	48	19	10	18	4	6	52	5	39	9	15	8	105	38	0	39	61	76	72	1099	71	0	11	87	3	19	16	7	30	59	14	43	10	17	227	21	36	5
158836	51	71	341	44	14	343	52	72	24	0	217	333	356	47	56	87	74	19	306	37	387	34	109	12	391	221	40	54	780	1281	73	16003	426	0	100	585	172	145	15	19	850	62	89	161	0	34	895	35	57	47
546	21	55	252	16	11	68	21	36	44	0	20	40	90	36	39	47	5	22	105	38	335	12	69	0	28	203	15	18	313	43	936	1235	56	19	65	246	74	28	0	0	63	90	19	36	29	22	105	0	12	7
28901	8	21	89	21	36	176	46	24	68	3	91	125	360	181	33	26	23	47	67	47	174	44	322	128	79	1124	36	36	193	50	34	1157	83	51	45	210	221	78	33	36	179	338	25	135	13	12	236	32	74	64
615	15	0	6	24	8	23	10	10	21	0	31	0	12	30	14	16	12	5	23	0	28	14	7	22	18	12	13	9	42	14	16	66	10	22	33	22	19	33	6	7	13	19	0	19	26	23	43	15	38	13
303	39	58	12	64	11	34	96	24	48	7	30	0	21	34	18	29	21	7	23	42	75	42	21	22	83	27	31	25	75	19	22	22	19	15	111	38	341	52	60	12	23	33	43	43	36	57	45	33	119	16
294	24	7	15	6	6	10	2	5	26	14	28	16	16	16	17	15	9	9	13	18	18	29	30	19	18	14	6	27	25	15	23	2	18	4	27	11	50	28	25	7	7	9	22	17	23	25	16	16	35	11
287	22	0	34	51	65	49	9	13	54	43	222	40	177	190	40	18	44	19	39	44	51	91	143	180	21	24	23	45	128	292	17	39	33	21	33	38	84	52	70	55	33	24	58	0	25	72	61	227	174	35
316	5	18	14	20	5	14	4	22	23	8	17	2	14	16	18	17	4	9	23	14	18	11	11	14	4	17	23	19	24	23	7	15	11	11	25	12	13	28	24	9	23	14	22	12	18	19	21	9	34	7
729	215	68	637	8	79	676	1479	49	307	2379	109	38	938	7	12	16	39	73	110	5	4540	8	970	12	3085	9842	402	20	70	2033	432	1677	78	15	8	19	19	46	1615	12	204	18	35	1270	18	82	527	54	8	182
470	57	52	0	31	8	15	0	0	15	0	12	11	0	20	8	41	8	17	20	17	22	16	36	9	18	41	24	32	15	7	0	10	0	0	14	28	24	62	14	10	62	7	12	0	22	20	13	35	8	11
465797	86	105	103	106	110	93	124	109	125	121	90	87	98	117	97	102	104	92	100	71	86	87	105	102	109	72	87	140	86	108	109	81	113	110	92	80	101	98	105	129	58	73	86	94	125	104	100	75	113	120
45610	32	37	39	40	41	40	41	44	43	42	47	34	40	37	40	37	36	37	41	36	43	34	42	38	44	39	41	43	38	42	38	39	34	38	40	40	31	48	40	45	42	36	43	41	37	39	40	40	38	33
40324	25	42	12	32	42	16	34	0	36	25	35	0	64	65	32	17	33	38	47	59	37	37	58	49	57	64	50	30	67	19	41	38	60	28	36	65	389	28	41	45	38	37	15	34	56	35	54	57	45	40
654	13	10	28	23	14	20	0	5	6	8	30	15	21	7	27	8	15	7	56	10	12	11	0	17	20	9	7	13	9	26	10	1155	5	0	24	13	212	27	7	8	52	4	6	9	4	21	11	7	42	0
2494234	268	414	404	208	16	293	303	8	211	1757	66	0	269	1922	4	5	46	95	163	490	767	124	1411	441	218	7	12138	485	0	19	0	15	1139	79	112	29	3184	202	1798	715	158	817	16	29	15	293	9	16	95	13
2584944	122	168	168	81	0	109	124	8	89	406	36	9	120	10	0	0	24	61	67	196	311	88	448	180	68	7	26	184	13	18	3	5	96	43	42	2550	134	92	6	268	72	2	32	7	12	118	9	11	72	0
40545	51	65	67	23	8	49	671	0	243	130	23	4908	34	5	4	3885	3920	52	33	622	167	64	172	112	22	3	7	321	7	13	6	2	32	1922	39	361	47	319	1007	107	430	0	3506	24	12	462	9	18	49	8
1852381	53	91	69	26	3	56	46	3	44	176	387	9	41	6	3	4	112	251	22	115	137	369	203	83	16	23	12	75	6	25	4901	0	44	25	112	140	110	530	0	130	28	4	5	21	17	69	5	17	287	5
1796652	4	11	13	212	2135	3	4	90	47	10	5	57	12	33	2	16	7	16	6	3	6	70	15	8	2	87	0	9	33	21	6	0	3	5	11	3	9	5	23	15	3	41	2	6	91	5	98	169	237	75
945844	143	147	145	142	133	153	140	136	147	147	151	137	140	144	144	142	145	155	149	148	155	152	156	149	145	141	145	157	152	153	145	137	144	146	148	144	144	146	141	151	149	138	141	147	137	149	148	145	156	145
2728021	114	125	119	114	118	110	111	115	119	123	126	115	119	112	116	112	107	130	111	130	119	120	131	118	114	112	118	117	123	117	117	109	116	107	122	120	113	127	120	119	123	112	121	118	113	132	121	112	125	116
29581	103	95	104	106	106	112	112	111	112	123	105	98	112	109	101	103	98	105	110	105	115	119	135	107	116	99	116	101	116	104	107	104	100	105	112	101	105	108	106	117	99	103	108	118	106	110	110	106	122	105
80842	37	42	35	34	34	39	34	32	38	34	33	32	38	42	34	37	36	40	42	41	40	47	42	34	35	32	35	35	44	36	35	33	39	33	39	38	34	37	31	35	35	34	29	30	34	39	35	33	43	35
367825	218	230	207	217	208	217	204	197	224	228	212	207	213	237	199	211	216	229	215	223	228	225	229	233	211	216	205	221	217	219	207	197	210	202	221	217	207	217	224	232	202	204	216	218	212	236	213	220	253	196
80866	283	333	269	344	235	258	229	230	301	320	257	203	246	340	239	287	243	296	243	267	278	290	306	307	271	249	263	372	264	258	234	212	273	295	298	235	247	294	256	332	239	224	273	232	342	286	248	262	385	233
34073	18	13	23	16	6	6	8	11	17	26	43	3	28	41	6	14	5	16	16	14	17	13	21	30	16	9	10	38	45	10	6	2	32	17	25	14	30	29	9	14	10	15	21	8	18	24	35	17	59	7
37448	14	15	18	20	17	17	18	17	14	19	21	21	17	18	21	21	18	21	19	18	19	19	18	17	22	18	21	17	24	17	20	18	19	19	20	17	18	22	19	22	19	20	17	20	17	18	21	20	21	19
76731	141	148	139	144	143	137	152	142	143	160	146	144	145	141	145	142	144	143	137	154	153	157	159	151	144	141	139	151	138	150	142	135	142	149	148	150	140	152	145	148	143	144	144	135	142	144	141	142	161	135
215580	78	101	84	94	72	94	77	76	81	98	87	72	81	83	88	78	77	102	87	99	104	94	96	93	86	84	69	92	80	85	81	74	80	81	87	72	84	89	78	105	79	88	82	79	86	86	81	92	97	80
1296669	194	211	201	206	198	195	204	188	207	234	206	192	205	205	203	207	202	217	204	220	227	227	230	206	193	203	204	218	205	199	191	188	202	194	200	193	207	202	192	205	202	197	197	208	207	207	198	208	220	187
2041385	291	299	275	301	280	286	256	272	300	277	310	267	300	312	300	300	255	289	290	297	307	299	288	283	281	295	299	301	333	287	293	276	273	280	302	311	272	288	284	286	294	288	285	291	291	309	278	307	316	283
358	19	12	14	17	12	12	0	14	21	14	25	12	19	28	29	18	10	22	10	30	24	9	15	11	22	13	46	21	28	22	7	0	11	17	16	29	15	14	17	11	7	7	16	12	19	16	28	5	51	6
1325095	58	58	66	69	56	60	54	60	72	71	72	59	59	70	68	73	52	63	58	63	72	60	72	60	63	65	69	53	62	78	59	54	50	52	61	65	70	68	64	60	55	59	69	57	63	58	62	60	70	52
290	85	87	86	79	87	80	80	82	90	85	93	87	90	78	90	86	82	87	91	85	92	87	86	89	90	86	86	84	95	95	81	80	85	86	87	95	87	96	88	88	91	86	89	83	83	82	88	81	92	85
151416	55	54	55	60	56	60	54	54	62	60	55	51	60	59	53	58	58	56	53	58	60	53	62	54	52	61	62	59	63	59	58	57	53	59	60	59	68	66	58	54	54	56	61	55	55	58	58	58	70	57
135719	115	115	103	132	88	124	88	106	125	106	128	84	140	135	105	154	90	115	124	109	139	135	98	116	111	130	113	132	138	156	124	85	104	123	134	148	127	158	131	112	125	117	125	102	121	127	121	125	152	92
850	1905	9	63	0	161	49	248	9	75	36604	32	0	3	0	26	3	3219	59	3	22	155	1543	9319	1913	52	885	8383	2688	5	0	5	4065	2307	5608	123	38	7618	79	22	0	680	100	8	4	271	4	2	12408	0	2
2663009	29	5	7	0	0	7	10	2	7	107	5	0	5	2	4	9	27	0	2	0	0	19	248	216	7	22	41	95	5	8	0	117	11	124	4	18	742	14	23	0	50	0	4	0	10	11	10	13	25	8
856	10	0	9	0	0	38	0	0	2	504	2	0	2	3	0	2	214	2	8	0	4	36	925	524	16	9	194	425	0	3	0	328	74	341	5	7	2634	5	0	0	104	0	7	89	32	2	2	44	5	39
861	9	5	17	11	10	57	0	0	17	1024	4	11	15	5	7	13	461	2	9	5	2	72	1683	1116	71	7	317	892	8	5	12	805	122	674	9	0	5700	13	7	7	246	12	8	15	61	11	13	119	4	8
2764326	8	0	3	3	2	13	0	0	2	499	2	2	5	0	0	7	166	0	7	0	0	56	939	610	26	7	136	359	2	2	2	351	71	387	3	0	2492	3	2	2	78	0	0	0	22	2	9	76	0	0
851	10	31	11	0	14	28	0	13	39	176	4	23	26	23	5	15	105	22	13	6	10	65	341	322	24	15	62	151	28	14	17	125	30	187	24	15	1143	21	26	9	58	28	28	15	52	13	19	32	23	0
188913	6	0	0	0	3	4	0	0	2	80	2	2	3	0	2	3	25	0	31	0	0	23	333	239	4	2	3278	54	7	0	0	72	8	138	0	0	644	267	3	2	15	5	6	0	5	2	3	38	5	0
901	685	57	11	86	84	7	4	55	1212	10	29	43	1350	2679	69	47	37	1607	1399	3326	1070	170	1126	2014	1026	15	100	1492	45	14	80	2	387	84	2482	49	1038	3713	12	55	20	30	18	15	27	2281	1964	812	121	28
876	16	19	18	31	45	4	0	30	21	8	13	43	24	28	41	29	41	36	15	52	13	105	43	29	48	17	57	18	403	15	49	11	3	26	38	56	26	16	13	26	20	22	13	371	21	21	21	56	84	22
881	11	17	5	35	60	4	0	17	22	10	5	23	11	26	38	35	31	19	21	14	24	86	30	40	42	18	69	10	19	5	45	4	2	22	23	25	40	16	3	32	9	21	20	11	15	23	19	25	59	15
44742	7	12	4	34	45	2	0	16	33	11	62	26	8	40	22	25	12	17	8	75	13	111	17	40	41	8	43	18	20	21	32	12	6	31	25	312	27	20	46	25	27	16	11	12	8	19	20	38	2369	20
2787628	18	16	2	9	19	10	0	10	27	11	20	17	21	13	18	30	14	3	12	31	18	10	25	4	20	24	17	27	13	9	18	5	14	5	17	9	20	23	10	11	21	18	22	11	13	13	22	11	43	13
158	14	15	3	26	16	26	4	0	50	13	16	15	41	10	15	23	15	4	35	17	2	21	26	19	6	15	14	13	20	8	14	0	11	22	18	18	6	28	17	24	49	40	12	4	36	21	9	16	35	5
239935	100	407	79	32	28	98	31	54	515	23	84	0	63	48	67	19637	671	1471	45	56	83	38	98	271	309	91	43	63	476	42	71	14	55	29	11678	47	315	42	408	21	48	29	4262	17234	6954	129	68	1832	475	104
197	48	275	62	51	152	152	4	110	172	51	231	183	110	1481	28	1121	325	105	81	176	332	346	207	264	81	147	82	293	211	64	733	17	20	72	51	17	134	88	30	90	224	725	50	4	116	77	78	179	238	256
195	10	91	2	4	11	13	0	27	151	58	134	44	91	492	15	13	194	47	67	0	99	18	100	6	9	7	47	149	58	9	8	7	0	13	11	26	10	36	16	6	30	250	11	6	13	30	13	22	47	67
56	6	22	17	8	0	34	6	4	9	10	26	0	18	20	8	19	0	5	28	9	32	12	15	28	6	28	7	12	38	13	9	7	34	14	12	12	12	24	11	10	25	7	24	6	8	29	15	18	35	2
638849	10	11	9	22	4	5	0	12	19	0	52	4	14	37	20	20	10	6	17	4	25	7	7	25	16	12	9	11	48	8	13	0	2	6	24	18	10	29	14	7	11	11	16	31	5	28	25	9	87	2
2162637	0	223	0	1456	0	0	0	0	0	1358	0	420	0	0	493	208	0	475	0	0	0	441	385	0	0	0	889	0	0	0	237	0	0	1312	0	0	0	204	0	679	0	0	0	161	172	224	0	231	456	443
651561	0	44	10	20	7	14	68	16	2	20	0	2	2	6	3	16	32	21	12	6	2	0	35	10	32	6	37	23	0	14	5	0	41	2	2	6	15	25	37	5	0	3	8	4	5	4	2	3	6	31
1737424	0	2225	931	7203	2308	3643	0	0	4519	0	495	0	1713	492	969	3090	10539	1405	3139	4700	0	1017	1943	1257	0	719	1190	876	1214	417	1355	0	0	882	3369	1986	5033	1214	425	0	0	7664	787	896	1108	619	0	1085	1162	0
2972784	0	6	14	8	25	30	76	20	14	17	2	74	37	3	0	6	12	2	3	4	30	6	24	34	12	87	7	4	10	13	2	20	37	34	2	15	0	19	9	11	21	2	3	155	4	2	9	5	3	13
45634	0	8	7	9	25	9	14	28	23	50	8	86	31	4	3	10	10	11	11	13	14	5	35	2	16	30	12	8	8	0	25	33	18	12	15	5	11	7	5	23	4	4	6	29	8	10	4	10	3	20
1343	0	3	38	10	16	206	39	21	75	42	0	22	29	15	0	11	180	7	6	46	45	5	174	0	17	79	2	0	34	18	142	57	47	52	49	4	4	0	3	21	23	26	5	283	7	6	49	2	2	10
39777	0	10	741	10	70	115	72	17	35	238	22	136	166	0	33	5	87	10	21	3	310	7	985	7	56	4965	25	15	65	38	99	10	32	19	7	2	8	27	132	10	264	12	20	412	11	20	599	2	8	5
2003188	0	47	11	17	24	13	44	11	22	24	21	121	53	36	166	21	4	53	71	94	16	9	12	11	15	10	12	80	41	35	7	5	25	36	26	61	26	85	28	8	11	16	13	29	9	73	19	9	98	11
712116	0	35	24	11	15	30	6	8	9	53	0	45	19	17	6	10	36	13	3	8	75	13	27	34	34	28	9	12	52	7	6	32	79	14	27	11	4	0	0	8	29	20	0	0	8	14	23	11	22	11
1655	0	26	21	19	19	2	5	38	5	38	8	48	30	13	0	0	10	12	16	25	25	8	43	10	9	9	6	43	55	8	12	36	66	2	39	14	8	17	13	17	24	3	13	10	11	12	16	19	13	9
1681	0	8	7390	2	8398	0	22	7	41	7	23	309	5959	128	13	0	0	6	5	83	0	11	4	0	21	5	2	8254	24	14	160	0	0	7	6863	122	0	6	1703	21	4	314	639	1384	39	30	7201	6	23	12
28025	0	5	0	8	81	11	0	0	0	5	3	56	38	106	23	0	3	5	4	52	0	0	0	0	30	0	4	0	205	18	34	0	2	0	24	96	9	0	23	0	0	50	93	0	193	55	139	6	0	0
571	0	3	29	0	4	11	12	5	5	9	5	22	59	10	5	8	2	2	10	19	41	7	11	0	18	35	15	18	64	212	12	746	12	3	4	35	6	23	0	3	32	35	0	379	0	4	39	7	3	9
2493681	0	33	0	80	0	34	0	0	0	0	0	0	0	24	0	28	33	0	0	71	41	0	0	0	46	0	20	0	23	15	0	0	0	0	10	0	0	0	0	0	44	24	0	0	0	0	0	0	6	0
631220	0	19	10	21	36	7	0	23	16	6	11	16	11	20	29	24	10	5	11	27	2	74	29	23	12	10	39	5	17	10	44	0	0	18	23	19	12	17	3	18	8	22	10	11	13	12	8	30	38	20
2992805	0	0	13	0	0	0	0	15	26	0	15	54	15	64	20	71	37	25	17	0	0	18	15	21	0	0	0	33	0	33	0	0	0	24	32	37	73	64	38	21	26	24	0	13	16	27	45	0	33	0
564	0	0	11	0	22	24	3	4	3	4	11	96	7	8	12	12	4	5	13	21	8	27	90	2	36	284	10	3	21	6	13	81	14	0	0	44	210	16	4	7	63	100	0	14	5	6	21	3	7	8
1812935	0	0	308	8	7	86	11	36	6	85	17	5381	853	0	6	21	47	3	299	142	567	0	20	0	259	17	0	0	196	416	15	9405	346	0	37	1383	19	45	0	4	307	12	9	716	4	7	2919	74	5	44
208224	0	0	246	26	0	112	0	29	19	11	24	35	22	0	0	29	8	8	19	150	96	0	10	0	213	19	12	43	26	67	10	1721	78	0	12	72	7	0	12	15	38	10	9	63	0	0	3179	8	0	10
2027919	0	0	42	0	0	0	0	0	0	0	31	26	88	0	20	0	0	0	0	0	31	0	0	35	0	31	0	0	38	15	14	998	0	0	16	34	0	0	0	0	20	0	0	44	0	0	74	0	0	0
1639133	0	0	42	35	4	16	0	54	11	10	11	17	25	0	7	11	8	0	35	11	441	6	19	0	6	39	10	20	290	14	1719	1637	49	0	28	152	22	3	13	0	20	120	7	44	0	7	57	13	14	18
621	0	0	46	0	38	40	0	0	0	0	21	69	0	0	16	0	0	0	8	8	18	30	69	0	0	500	0	0	24	9	22	62	23	0	0	64	122	0	0	0	27	280	0	0	0	13	21	0	0	0
623	0	0	144	0	27	270	24	0	82	15	17	356	46	0	119	0	0	18	44	94	110	498	761	0	40	3226	0	0	132	115	65	401	236	0	0	474	597	0	0	0	543	1108	0	14	0	0	146	14	0	0
622	0	0	15	0	19	66	4	0	0	0	8	71	0	0	30	0	0	0	23	25	7	21	301	0	0	486	0	0	29	0	7	55	15	0	6	85	122	0	0	6	41	239	0	0	0	4	47	0	0	0
2972761	0	0	0	124	0	0	0	0	0	161	221	0	60	0	50	0	0	0	0	68	0	92	69	0	0	0	0	0	75	0	61	0	0	0	74	82	0	0	0	0	0	0	0	0	0	0	0	0	46	0
2493678	0	0	0	0	0	29	0	0	0	0	0	0	0	0	0	23	0	0	0	0	34	0	45	79	0	0	0	33	16	13	0	49	58	0	0	21	0	12	45	0	0	0	0	163	0	0	0	153	5	117
2878202	0	0	0	0	0	0	0	0	0	0	10959	0	0	5171	4758	0	0	0	0	0	0	13460	0	0	2320	0	0	0	1416	1497	0	0	0	0	769	0	0	0	366	8467	742	0	0	0	294	0	854	0	1561	0
