	taxid	cluster
0	105560	0
1	1260	0
2	1331682	0
3	1351	0
4	1528099	0
5	1597781	0
6	1679497	0
7	1747	0
8	1828	0
9	2017484	0
10	2017486	0
11	2082386	0
12	2759167	0
13	2806262	0
14	2856555	0
15	294	0
16	33010	0
17	33011	0
18	43669	0
19	477641	0
20	47770	0
21	546874	0
22	549	0
23	556288	0
24	61592	0
25	639200	0
26	69395	0
27	72000	0
28	108980	1
29	119219	1
30	1296669	1
31	1305	1
32	1404411	1
33	155892	1
34	164546	1
35	1658665	1
36	1768242	1
37	179636	1
38	2010972	1
39	2057741	1
40	2070761	1
41	215580	1
42	2708539	1
43	2714952	1
44	2748629	1
45	28068	1
46	2839983	1
47	2877941	1
48	288000	1
49	2892442	1
50	2898431	1
51	2914710	1
52	2920269	1
53	29466	1
54	2995138	1
55	3015996	1
56	3019553	1
57	3037797	1
58	339	1
59	34029	1
60	34062	1
61	34073	1
62	36863	1
63	392593	1
64	40214	1
65	43675	1
66	562	1
67	74426	1
68	76731	1
69	821	1
70	82633	1
71	83637	1
72	88688	1
73	94132	1
74	946333	1
75	1197460	2
76	1304	2
77	1404443	2
78	1717	2
79	2753607	2
80	43768	2
81	1232427	3
82	1270	3
83	1273	3
84	1276	3
85	1280	3
86	1282	3
87	1283	3
88	1288	3
89	1290	3
90	1292	3
91	1414719	3
92	156976	3
93	170573	3
94	1852390	3
95	187491	3
96	28035	3
97	29380	3
98	29382	3
99	29385	3
100	29388	3
101	38284	3
102	38286	3
103	38288	3
104	38289	3
105	38301	3
106	38304	3
107	401472	3
108	423477	3
109	43770	3
110	45972	3
111	53374	3
112	566027	3
113	71254	3
114	71999	3
115	1303	4
116	1313	4
117	1379	4
118	147802	4
119	1491	4
120	161879	4
121	161899	4
122	1655	4
123	1660	4
124	169292	4
125	2026255	4
126	2041036	4
127	2559073	4
128	28037	4
129	28127	4
130	28132	4
131	3036300	4
132	33034	4
133	38290	4
134	39791	4
135	54005	4
136	544580	4
137	1308	5
138	1358	5
139	1359	5
140	146827	5
141	287	5
142	1325120	6
143	2978473	6
144	319706	6
145	391953	6
146	69665	6
147	1659	7
148	2047	7
149	258224	7
150	2663009	7
151	2778078	7
152	28449	7
153	2948573	7
154	33028	7
155	40520	7
156	418240	7
157	46124	7
158	712633	7
159	1979527	8
160	2861282	9
161	3016342	10
162	40324	11
163	470	12
