1015
1017
1018
1019
102148
103621
103892
1053469
1077464
1078480
1095726
1099853
1105029
1105030
1105032
111015
1111069
1113628
1113824
1118058
1118061
1120994
113107
114527
114702
1156431
1162717
1169673
1169674
118748
1203556
1203590
1203593
1227265
1282
1288391
1288636
1302
1303
1304
1305
1308
1309
1311
1313
1314
1318
132132
1321785
1324934
1328
1335
1338
1343
135080
135082
135083
1351
1352
1354
1355
137461
137732
1379
1382
1383
143361
143393
147207
147802
150240
1544
156456
157687
157688
157691
157692
158
1596
1632
1655
1656
1659
1660
167
169433
17
1718
172042
1750
1750713
1766719
1841
185300
187326
189723
1945662
194702
195907
199
204
2047
207340
209274
2117
2121
216816
218538
228603
228604
230143
237446
237576
238991
249188
256702
257758
266
267212
2702
2718
2741
28037
28091
28111
28112
28124
28129
28131
28132
28133
28134
28135
28136
28137
28449
291644
29317
29391
294
29466
296
305719
326523
329854
33033
33039
332411
338188
340486
34087
341694
343332
35517
35518
35701
359110
360807
362648
36741
368827
370622
371601
39029
39498
39777
39778
39950
40518
40542
407234
407975
419015
419475
41976
41986
424704
425941
43675
43768
439703
43995
43997
450749
45242
45634
457402
457416
46124
46125
461393
467210
469609
469610
470565
471189
475254
476
47671
477
47770
481723
483
484
484882
485
487
487173
487174
488
489722
490
495
496
502
505
510947
510955
51123
51160
51161
52227
52767
52768
52769
52773
52787
53418
53419
53437
539
544580
544581
552398
55507
55565
563031
563036
563037
563038
564064
56774
575593
57732
58231
589437
60133
615
61592
633701
640512
641148
649739
649756
651591
651609
651822
652706
652708
652716
652721
653385
655809
658081
658087
665939
665946
665950
665951
671213
671218
671224
671228
671229
671230
674529
68891
68892
691816
69395
69710
69823
706435
706438
710239
712117
712118
712119
712121
712124
712148
712211
712212
712213
712215
712216
712217
712218
712258
712359
712414
712437
712438
712461
712469
712531
712535
712620
712888
712976
726
727
729
732
735
736
739
76122
76860
77098
78527
796942
796943
796944
796945
81468
820
82203
824
837
840
84135
84136
851
853
85338
860
871325
90240
90742
936370
936375
936381
936548
936572
936577
936588
936594
999423
999424
999425
