1002672
1015
101564
1017
1018
1025
1026
102684
1028
1033846
103621
103810
103817
1038856
103892
104205
1050174
1054217
1055104
1061
1063
106648
106649
106654
1077464
1078480
1086703
108980
109046
110845
111015
1112
1113631
1113693
1113695
1113696
1113700
1113808
1113824
1113908
111501
1118202
1121830
1123067
113107
1134405
113565
113571
114
1148157
114884
115433
1162717
1165
1168034
1168035
117207
1175452
1177755
1184
118748
118999
119394
1202724
1203033
1203573
1204196
1217908
1223514
122355
1229909
123822
1244
1245
1246
124919
1258
1260
126157
126333
1264
1265728
1270
1273
1273686
1276
1280
1282
1285
1287640
1288636
1290
1291540
1292
1294262
1296
1299
1302
1302690
1303
1304
1305
1307761
1308
1309
131081
1311
1313
1318
132132
1326075
1328
1329370
133453
1335
1338
134533
135082
135719
1358
135945
136241
13689
13690
137591
137730
137732
1379
1381080
1382
138300
138336
1396
140314
1404
1411122
1416778
1423
1427356
1428
143361
143393
1437523
1452508
146017
1465754
147451
147645
147802
148
1484053
1485587
1487956
1490
149715
150
1509
151
1512
1515
1517
1531
1545044
1547
1550609
155892
156978
157228
157339
157687
157692
157782
157838
1579979
158
1584
158836
159
1590652
159291
1596
160386
160699
160799
1612
161879
161889
161896
162426
1625
163202
1633
1644128
165179
1652
1655
1656
1659
1660
1661032
1661050
1661055
1661059
166486
167964
1680
168275
1685010
168810
1689449
169050
169292
1698
171194
1717
1718
1719
172042
1725
1727
173362
173364
173480
1735
173732
1742580
1747
1747005
174709
1748
1750
1750599
1755603
1755610
1755626
1764
1765961
1773
1775536
178214
1785092
1785128
1795
182270
1827099
1828
1833
184064
184748
184870
1850093
185300
1859290
1859291
1859295
187145
187452
187491
188872
1891671
189381
189723
19
190146
190721
190898
191493
191577
191610
1921566
1930622
194379
1945662
194867
1955249
196024
196162
198092
198312
199
199592
201
202267
202955
202956
203
2033
204
204516
2047
204934
2051
2055
2057
206
207340
2074
208479
209274
210
211502
2130
214856
215690
215691
215803
216778
216903
216937
217168
218538
2189
219182
219301
219742
220688
220697
2223
222814
225324
2257
225991
226505
226665
228603
228604
2293
229480
229549
2303
231440
232721
234835
2350
237258
237610
238540
239935
24
241555
242703
242750
243924
245
246
246787
247
247157
247632
249408
250
252307
253
254
256325
256701
258591
260331
260355
261299
261965
263910
266
266749
269144
2702
270350
270351
271420
2718
272129
272240
273168
2736
273677
2741
2743
274537
2756
2757
28037
28090
28111
28112
28116
28117
28118
28123
28124
28125
28126
28127
28128
28129
28130
28131
28132
28133
28135
28136
28137
281920
28212
282125
28213
28214
28232
28320
283734
284044
28454
285
287
287098
288769
28898
290306
293
293050
29380
29385
29394
294
29430
29448
29466
29495
29524
29536
29542
300
301
301301
302449
303
305
307126
308111
308116
309120
309886
310297
310400
310783
314287
315478
316
317
318456
319054
31943
31958
31998
32025
320497
32057
326069
326475
328813
329
33007
33010
33011
330214
33029
33031
33032
33033
33034
33035
33036
33038
33039
33043
33044
33051
330920
330922
332249
334424
334542
334543
33924
33987
34002
34003
34004
34018
34059
34062
34085
34087
341694
341722
344884
349096
349106
349221
351091
351745
35517
357276
35760
35769
357794
358220
35833
35835
360807
360911
363265
363832
364298
366616
367282
36740
36807
36823
36874
370764
370977
37328
37636
37637
376733
379073
37915
37916
37923
37928
38284
38286
38288
38289
38301
38302
38303
38304
38313
384677
38502
385682
385957
386414
387093
387661
38986
39029
392409
392734
393921
39485
39486
39488
39491
39495
39496
39498
395387
397278
39774
39778
397865
39791
401562
40214
402147
40215
40216
402650
40324
404900
40518
40520
40542
40543
40561
40681
40682
40683
407019
407188
407975
408
410072
410332
411570
41170
41276
416016
419005
41976
421
421058
421525
42256
424
424704
42565
425941
426117
427683
428712
431269
43131
436516
43669
43675
43768
43769
43770
43771
437898
439703
43997
441501
442714
446786
447106
44749
447567
44933
45067
452084
45242
452982
453962
455360
45634
45670
456827
46124
46125
461393
46223
464132
46429
46503
46506
466153
467094
467210
467976
46914
470
470565
470765
471
472181
47671
47678
476820
477
477641
47770
478
47880
47884
47885
479117
480
48256
482564
48296
483
484
48466
487
487175
487316
488
490
490186
49118
495
496
501496
501592
502
502394
502821
504
505
51
510947
51195
52022
525640
52767
52769
52773
529705
531844
53254
53332
53363
53368
53374
53423
53458
53462
536018
536633
539
53972
54005
54006
543877
543913
544580
545533
547143
547163
549
550
55148
55206
55209
553
55508
555313
55565
562
564835
566027
57028
571800
573
57497
57498
57704
57732
58134
587753
588932
589437
591197
59310
596085
59733
59803
598660
60133
60478
607712
61592
61648
62322
626933
627192
63186
633417
639224
640511
65048
65123
652716
65655
658081
658457
665118
665131
66849
675
676599
67760
687525
688067
68892
68909
68910
691816
692370
69370
694055
694315
69710
69824
69825
699192
701529
70169
702114
70775
70863
70993
714549
71999
72
72000
726
727
729
732
735
736
739
74313
74329
74426
757
76122
762213
76517
76636
76759
76853
76935
76947
77098
77585
78580
795097
80866
80869
81032
81396
817
820
821
82135
823
82347
82367
824
827
837
83984
840
84026
84030
84032
84531
84588
849
851
853
85338
86
860
861208
86182
86265
86668
868131
870477
871325
882141
88431
88688
887422
888845
89093
894
90241
90729
90730
90733
90742
927083
927677
93063
93064
941183
946677
959
97084
980348
980427
985002
993692
994621
996342
99807
999468
