100176
1005741
1008
100884
101385
1015
101564
1017
1018
102129
102148
103
1034636
103621
103817
1038856
103892
1055487
105612
105841
106588
106590
106648
106649
106654
1070866
1070869
1071849
1071850
1071862
1071880
1073423
1076592
1076594
1077464
108015
1086703
1095726
109790
1099853
1105029
110845
1112
1113628
1113644
1113650
1113673
1113695
1113696
1113709
1113769
1113770
1113771
1113805
1113937
1114014
1114040
1114067
1118061
1118202
112009
1121830
1122943
1123914
1124835
1128023
113107
1133319
1134405
113569
1137985
114
114527
114615
1148
115551
1155537
1158338
1161942
1162717
1169913
1173025
1173111
1175452
1177728
118748
118967
119219
120107
1203033
1203556
1203619
1203622
1211326
1220496
122355
1232575
123301
1244
1245
1247
1249
124919
1255
125627
1260
1265
1265691
1265692
1270
128
1280
1282
1283
128802
1291540
1299
1302685
1302690
1303
1304
1305
1308
1311
1313
1318
1323
13276
1338
133926
1343
134536
134537
134605
134676
134849
135082
1351
1356
1358
136160
136241
1363
1364
1365
1366
13690
137461
137591
137732
1379
1381080
1382
1383
138595
1389639
1397368
1398
140314
1406
1411121
1411316
1416614
1416778
1423959
143361
143393
1434701
1465754
147047
1472
147207
1476
147645
147709
147802
1481928
1484053
1485585
1490
1492
1494462
150172
1506
1510
1515
1519
1520671
1521434
1535
153948
154108
1543
1544
155077
155892
156456
156977
156994
1570
157228
157687
157688
157691
157692
158
1580
1581
1584
1590
159346
159449
1596
1597
159723
1600
1603
160791
1610
1615
161879
161896
1626
163
1630
163011
163665
163874
1644128
1648
165179
1652
1655
1660
1661050
1661055
1665
167
1673428
167964
1685
1685010
1688
1689
169050
169176
169292
1694
169435
1697
1705
170661
1709
171284
171632
171690
1718
172042
172045
1727
173362
173364
1735
1747
174922
1755603
1755610
1755626
1755629
176292
1773
1775535
178606
178900
1795
179995
180332
1806484
180915
180916
182640
1827099
1828
183
1837
184064
1843
184748
184870
184914
1850093
185293
185294
185300
1859290
1859292
1871622
1872711
187326
187327
187493
1884249
190
190721
191579
1921566
1923
192389
192421
193
194702
195097
195250
195253
1955
196024
196162
198252
198312
198616
199
200475
201
202
202267
202955
202956
204
204516
2047
204934
2051
205327
2057
206041
206506
208479
208596
2093781
210
2100
2117
2121
2123
213248
214856
215690
216465
216778
216874
216903
216940
217031
217204
2173
218538
219301
219314
220343
2223
225144
225324
228
228419
228603
228604
229204
229545
2296
229981
2317
234835
235
237018
237258
237576
237610
238540
238991
239935
239974
241425
241555
242750
243629
246272
247
249058
249188
254
255205
255507
256618
256701
256702
257003
257758
258
258224
259
259537
260336
261292
261934
262005
262209
265606
266123
266748
266749
2702
270498
270921
271155
271157
272239
273168
2736
2741
2751
280093
28026
28035
28037
28038
28090
28111
28112
281120
28116
28117
28118
28124
28125
28126
28127
28128
28129
28130
28131
28132
28133
28134
28135
28136
28137
28139
281920
28197
28212
28213
28214
282402
282685
283734
283878
28447
28449
28450
28454
284581
285
287986
288965
288995
28903
290309
290335
290399
290589
292800
293
29321
293371
293552
29356
29360
29370
29372
29380
29385
29391
29394
294
29430
29432
29466
294710
29510
29529
29530
29533
29534
29536
29543
29552
298794
301
301301
301541
303
305
307126
309120
309887
310297
310298
310400
311333
312026
312277
312279
318683
319054
31943
319644
319652
31998
32054
322505
328813
328814
329
329854
33007
33010
33011
33026
33029
33032
33033
33034
33036
33037
33039
33051
33052
33069
33075
330922
332158
332163
332168
332249
332410
332411
334424
336203
33953
34002
34003
34011
34038
340486
34061
34062
34086
34087
341225
341694
343
344881
346665
347481
349096
349106
349751
350
351091
354
354630
35517
35518
35519
356559
357276
35760
35791
35793
35794
35816
360056
360807
362418
363832
363953
365341
366602
366616
36740
36741
367791
36823
36835
36844
36845
36847
36850
36874
370979
371601
37329
37330
375
37636
37637
376489
376733
376804
376806
376807
37915
37930
379900
381741
38284
38286
38288
38301
38303
38304
38402
384677
385406
386056
386414
387090
387661
38986
39029
390842
392409
392593
392736
392838
39483
39488
39491
39492
39498
395387
396005
39778
397865
398037
399363
39950
40091
40214
40216
402650
40324
405
40518
40519
40542
405446
405559
40561
406787
40682
40683
407019
407975
408
408657
410
411570
41170
41276
413712
415229
416016
417948
418702
419005
41976
421058
421525
424757
425254
425941
426226
426421
427683
428712
42879
43
430522
43131
43305
43675
43768
43769
43770
437898
43948
43997
44008
445961
446
446660
44749
44933
449659
45067
451374
45242
45243
45254
452982
453230
453816
454154
454155
45634
457934
45851
46125
461393
461876
46204
46228
46234
46503
46506
465721
466153
467210
467976
468056
46914
470
470565
470784
472056
47497
476157
47671
47678
476820
477666
47770
478
478111
47879
47880
47885
479117
480
483
483545
484
48466
487
487174
487317
48936
490
493376
500
500610
501483
501496
501592
502394
503170
504469
505
505261
508460
511
51160
512649
516075
517011
518643
519440
520835
521157
52227
522298
524289
52689
529703
53363
53418
53419
53440
53441
53458
53461
534635
536018
539
54006
54062
54299
544580
544581
545890
548
550982
550983
55148
552357
553447
55508
55565
562
563031
564064
56460
564835
56774
56810
56877
571
571255
572036
573
573062
57372
57497
57498
575200
576610
57732
58134
58231
584
587753
588672
588904
589437
596085
59803
600645
60133
60920
60921
61
61592
61635
622695
623280
626932
626933
626947
633417
634765
638619
640331
64178
644220
64973
64974
651143
65123
651822
652706
652708
652716
653930
658062
658087
658457
660537
66219
66269
665118
665939
665950
665951
666685
66851
670291
670293
671070
671218
671229
671267
67304
673862
68259
683041
683124
687842
688867
68891
68892
68909
691816
69223
692370
69395
694055
69710
69823
69825
701529
706435
706570
70775
70863
70995
70996
712359
712438
712461
712469
712976
714549
717785
72026
726
727
729
732236
732242
735
73779
739
74311
74313
74426
745310
75658
76020
76122
76517
76832
76978
77098
77635
78257
78259
78331
78580
792637
795098
79681
796937
796942
796943
796945
797292
807
81028
813
817
818
820
821
82135
823
82367
82374
824
827
833
83455
83552
83554
83617
83661
837
83816
840
84026
84030
84032
84112
84135
84531
851
853
85338
859
860
86102
86175
86265
86332
863372
86668
867
868131
871325
87650
881
882126
88431
887413
889268
89768
901
90241
90244
905
90742
91458
915
920
927083
927669
927677
92945
93063
93064
936375
936548
936594
937251
938405
940615
94254
943673
944547
946677
947013
96228
980254
980427
982
983
984
984991
985
985002
994609
995
99807
999425
999468
