	SRR23389262_bracken_species	SRR23389263_bracken_species	SRR23389264_bracken_species	SRR23389265_bracken_species	SRR23389266_bracken_species	SRR23389267_bracken_species	SRR23389268_bracken_species	SRR23389269_bracken_species	SRR23389270_bracken_species	SRR23389272_bracken_species	SRR23389273_bracken_species	SRR23389274_bracken_species	SRR23389275_bracken_species	SRR23389276_bracken_species	SRR23389277_bracken_species	SRR23389278_bracken_species	SRR23389279_bracken_species	SRR23389280_bracken_species	SRR23389281_bracken_species	SRR23389283_bracken_species	SRR23389284_bracken_species	SRR23389285_bracken_species	SRR23389291_bracken_species	SRR23389292_bracken_species	SRR23389293_bracken_species	SRR23389294_bracken_species	SRR23389295_bracken_species	SRR23389297_bracken_species	SRR23389298_bracken_species	SRR23389299_bracken_species	SRR23389300_bracken_species	SRR23389301_bracken_species	SRR23389302_bracken_species	SRR23389303_bracken_species	SRR23389304_bracken_species	SRR23389305_bracken_species	SRR23389306_bracken_species	SRR23389308_bracken_species	SRR23389309_bracken_species	SRR23389310_bracken_species	SRR23389311_bracken_species	SRR23389312_bracken_species	SRR23389313_bracken_species	SRR23389314_bracken_species	SRR23389315_bracken_species	SRR23389316_bracken_species	SRR23389317_bracken_species	SRR23389319_bracken_species	SRR23389320_bracken_species	SRR23389321_bracken_species
418240	47925	46315	10921	49538	17244	22802	21643	18641	57280	12737	20089	19718	29713	72065	28692	35312	54786	71722	25374	29528	29713	42861	14410	10597	19830	6666	32707	33686	40546	23698	49001	14781	21061	27220	16802	14396	33153	8878	11556	71684	20363	28805	19691	33836	54166	40618	29195	21652	10765	30580
2479767	4243	5447	852	15446	2769	17530	517	3095	11961	592	8949	1929	6901	6542	2602	4255	15656	1497	10348	12021	830	1699	3163	1868	12636	7737	4839	5098	7237	2831	2255	752	1790	1872	7620	8386	4672	2536	1239	1606	7096	14417	3647	748	3647	1970	7505	6108	5941	1039
2877527	240	265	88	267	237	239	27	61	776	602	222	789	292	222	473	482	1150	380	268	215	727	506	553	262	327	390	634	617	418	256	406	147	136	324	276	201	419	206	199	599	317	331	189	377	477	200	253	403	196	279
2860051	4619	1850	0	13470	0	0	0	0	11526	0	2938	0	6742	3393	4143	2755	0	0	4370	8215	1935	2971	3286	2123	0	2112	2790	1937	2878	1850	2009	0	2307	1308	4404	1963	0	2547	1881	2155	2891	6771	2739	0	2622	2284	4713	1922	6069	0
40520	4163	7942	4029	17652	3343	3846	663	6924	14969	1587	9226	4034	8650	15696	21187	12114	7448	3573	12013	5820	2822	5738	2686	3715	6314	2085	5784	3145	7438	11864	4151	2007	4989	3151	11083	3031	3857	4934	5267	3404	7231	16916	7629	3344	7519	14096	14504	7972	8662	3108
1796616	387	442	184	392	389	297	36	129	799	137	405	504	413	395	402	617	509	657	384	668	298	597	506	657	433	282	437	578	352	277	461	127	178	162	393	274	491	322	251	536	467	537	210	2227	451	347	468	538	349	256
33035	362	498	160	507	537	394	22	157	731	459	297	1159	397	438	589	559	780	626	424	437	322	733	839	535	1035	218	704	611	368	308	456	340	228	509	427	340	606	399	292	498	511	551	331	494	465	394	378	522	370	644
1912897	309	422	182	321	269	321	34	111	811	1019	311	1656	418	327	1748	572	817	648	372	614	246	1239	1370	343	728	498	942	698	424	207	627	769	264	1143	439	244	925	242	276	3087	740	525	207	326	604	294	394	748	299	806
1322	303	654	170	411	540	354	16	97	650	980	324	2465	317	336	3072	593	790	3438	374	1288	1814	2031	1137	465	1243	290	828	3807	457	266	573	16108	341	4384	421	231	4776	351	391	990	588	568	289	424	857	295	343	569	306	644
2779518	224	263	64	90	144	169	10	50	263	64	175	211	206	227	201	451	98	133	153	170	71	214	155	182	254	89	422	202	180	143	200	68	134	205	174	226	184	142	196	160	256	207	79	108	191	128	145	156	174	144
39485	27936	12316	18144	152	8505	29389	16	656	2354	124	22237	8523	3766	1910	3540	1317	3624	7865	3767	2209	6028	9122	10531	9871	3646	2225	6035	6000	11742	10054	775	3323	5159	155	33818	10733	1722	5577	3237	352	4303	19536	7595	13055	23264	11062	13380	9732	2112	495
2763672	27495	15718	2111	6995	1457	14220	40	992	8047	319	7984	3067	12656	2371	4155	12189	4290	14029	4199	1088	2293	1762	3843	3620	4405	889	1125	1791	4632	18720	1631	552	1713	451	3798	2141	986	6308	4377	606	3293	4212	36768	636	4248	5454	9527	3724	1439	1195
166486	13252	4599	23161	4551	4638	4463	184	1931	22117	1220	7088	9394	11791	3616	7936	6569	10714	3653	4544	8811	5894	24687	4572	4559	69945	20103	6117	6703	4095	4586	9810	1388	8285	15735	11988	5210	5985	17778	7635	2229	16535	13538	8858	6311	22394	4405	12030	19195	5750	6442
301301	1840	2668	1063	1109	1679	3905	219	734	4278	464	4206	2470	3540	1782	2953	3264	1335	3656	2710	2083	1278	3118	1600	6667	2051	2026	3525	2718	4011	2415	4117	528	632	709	3564	2515	1295	2986	4648	929	2482	5599	2502	1821	10856	4681	2841	1754	2244	4284
2763062	1454	1039	1211	545	853	1069	43	446	4386	362	1559	1407	1854	682	886	1378	1037	785	4191	1485	841	3031	3950	1437	3828	1968	1879	1313	642	892	1788	620	734	667	1861	884	968	1633	1651	545	16851	1864	9174	8773	2329	4562	1703	2059	778	1276
39488	11771	5795	4159	8482	5968	6723	147	4065	12635	436	6704	2144	7178	10984	9040	7920	2216	8463	6279	5188	2749	7132	940	3773	7518	945	5311	3628	9170	4506	9081	1310	3848	941	22822	4542	2049	4127	6998	10445	4167	10949	8328	1245	11292	9253	9880	6586	6396	6991
410072	8101	6268	2044	4300	7497	830	468	3704	4681	1206	5659	1395	3945	8132	22629	3068	2031	12042	6498	6675	772	9116	1213	1982	4322	4214	1506	1325	2470	5726	2611	1148	1216	1167	1130	875	9232	3116	2425	998	8276	4498	1656	796	1460	5689	4665	17968	4827	2339
116085	1097	2209	1621	4238	802	950	122	1003	6755	599	2944	1036	2480	4304	2543	3600	784	1423	2854	1077	1043	3215	751	1912	1387	1185	944	1937	2804	1776	1324	824	757	840	2722	4461	1352	1491	2027	941	2902	5998	3546	770	1080	2124	1333	2765	2562	840
33043	684	493	128	225	208	343	61	83	684	137	502	865	849	1350	1486	944	429	216	1105	417	144	528	295	359	434	129	299	472	46968	626	513	123	232	225	495	465	228	1388	36643	183	499	601	965	2246	965	3296	530	363	423	353
751585	270	453	172	658	203	248	10	141	696	59	398	887	1922	7641	6950	741	168	134	1701	306	217	278	143	340	179	181	296	407	3217	2500	350	69	700	112	617	306	119	3314	3231	193	513	1301	2540	12076	813	21590	269	237	474	377
649756	8415	17360	5637	39725	1751	28197	138	3232	28332	3320	4164	29885	3292	35221	23636	5842	37933	8975	4573	6580	5743	18712	2085	1493	3286	20640	13459	3738	12618	1467	21374	1048	1990	799	5924	5346	10715	1576	4578	28634	3636	13416	2072	574	16019	3771	12677	4607	4920	4310
105841	77	108	36	104	75	109	6	31	162	80	95	165	102	70	85	123	100	95	136	146	99	148	240	154	97	66	163	182	135	72	118	41	46	139	130	83	102	92	105	133	107	108	88	425	156	74	163	134	95	439
1229621	55	80	28	58	51	78	2	32	154	64	85	138	78	58	111	115	96	71	100	130	55	134	105	79	122	48	92	107	72	53	117	37	48	34	113	43	88	96	71	77	88	79	79	144	127	56	77	118	113	70
33038	5642	1940	1867	2651	2054	3806	291	1385	4744	36425	2119	19901	2074	2665	8988	3544	13163	6033	1660	3793	2547	4073	25990	4874	5091	7549	10601	15588	1832	1369	2350	8623	4454	22803	2205	1279	13628	2201	1111	39046	2135	3010	1062	4219	6816	1862	2443	12052	1759	8818
33039	1105	18004	10880	2210	646	1237	169	4440	18917	58119	1425	7562	3716	19891	12184	1485	971	1066	8756	10367	16188	33561	857	15031	1789	6754	2098	19869	4934	8189	1747	27364	2146	37835	4470	9085	4915	6714	4134	1806	11079	5246	7213	645	1852	4671	5568	29342	8919	1803
46228	618	972	287	696	466	4520	50	3112	20562	963	1131	712	6080	9239	972	5786	484	17817	4555	8815	509	10598	694	630	651	446	909	774	10266	7575	714	769	582	838	783	571	11083	677	886	684	5210	4166	4665	366	866	9665	695	1049	776	638
88431	2383	11596	8269	12200	1324	1599	434	7373	20680	1973	14680	11993	12530	10474	13068	10346	1619	2148	9283	11671	11774	9158	7735	8685	6993	1203	2647	3865	7799	6009	6397	1877	4677	3415	7487	7305	4225	9607	5544	15972	13087	9033	5133	1126	5962	11083	11196	12287	11572	2287
39486	1698	3614	3245	3376	592	3319	109	1184	4015	733	2819	1152	3856	2971	3359	2305	685	3292	4734	2522	452	4226	3078	3384	2656	4573	1084	1334	2402	1631	2573	1488	4503	3032	2037	4397	1525	3185	1793	879	3838	3057	3024	540	2167	4057	3061	1265	1733	1010
29347	1017	954	691	1128	1998	708	98	267	2475	1633	1087	1421	740	804	1253	1051	2635	1119	589	1123	583	1381	2008	1134	1081	709	8825	1362	890	683	550	730	498	1587	847	721	914	508	394	1919	920	1182	463	498	1441	611	681	1395	2328	1685
89153	226	276	77	270	140	173	12	37	273	268	146	237	138	214	250	192	152	224	205	182	149	267	323	132	183	95	584	202	260	95	184	98	83	234	279	166	290	244	106	226	184	219	126	2365	270	323	177	400	246	231
1871021	224	179	71	167	127	156	30	67	350	135	255	437	253	221	452	360	230	251	201	183	116	293	239	159	274	207	311	272	288	137	197	81	118	138	230	231	242	275	185	203	199	237	127	404	282	190	240	252	457	266
66219	58	52	16	42	48	41	4	26	142	31	87	64	146	44	62	79	56	25	100	64	37	98	104	53	45	62	101	68	87	57	146	51	47	24	94	63	95	95	70	34	61	90	97	98	124	58	110	50	54	94
208479	776	473	315	1082	1654	642	91	322	603	878	373	4166	338	695	1017	1186	3585	1330	472	1284	1548	1115	3401	935	885	478	2707	1091	1089	286	772	124	239	1277	822	616	1804	415	278	11570	485	670	317	4521	951	495	450	1156	819	1486
333367	395	249	149	667	333	187	39	162	518	275	384	532	238	675	546	566	764	509	261	477	648	1073	505	285	476	147	464	359	861	232	509	58	96	559	629	365	545	340	187	1008	271	372	479	1791	529	453	318	526	628	333
1531	233	412	165	319	221	320	43	116	416	459	293	582	243	233	418	299	462	262	236	330	203	459	312	375	653	247	551	540	512	178	527	65	85	388	411	265	308	254	156	707	198	425	226	275	471	303	262	454	401	241
45851	499	761	144	237	500	385	4	151	884	107	684	753	716	294	298	685	279	392	893	475	250	652	371	322	759	470	410	683	446	411	533	208	290	171	778	402	293	3485	661	180	678	704	661	595	1221	368	830	420	536	552
831	159	235	42	99	89	166	19	44	380	51	202	363	200	78	142	296	180	53	258	183	80	190	138	156	121	89	173	223	164	137	156	75	98	66	259	156	140	217	292	64	302	256	175	162	431	129	215	95	199	100
43305	113	190	62	62	69	102	2	37	299	25	161	418	196	85	95	247	132	67	179	148	52	196	73	157	98	75	110	184	99	129	146	49	62	37	191	131	99	138	252	61	236	252	139	101	329	103	162	89	183	120
185008	105	212	50	60	69	78	14	38	308	28	184	375	188	49	78	316	123	62	194	163	78	201	87	154	88	98	134	251	103	117	210	85	83	35	218	162	140	166	251	30	253	243	126	117	366	89	218	68	197	109
2763670	518	578	153	186	277	5548	18	747	675	144	520	730	9809	4263	2195	19940	423	409	1917	443	140	667	715	303	578	540	355	658	15329	3561	484	191	164	181	41008	303	234	6477	982	258	979	5056	2850	281	847	4843	713	462	482	363
84030	258	402	193	311	108	356	51	61	448	110	321	178	264	142	221	261	281	228	311	210	213	271	192	554	513	92	641	394	201	608	346	71	231	276	501	298	148	190	143	264	392	280	133	91	379	142	591	187	284	381
29375	131	117	47	61	93	118	16	62	202	120	146	213	133	69	105	192	139	100	159	144	103	207	137	102	156	87	167	151	103	84	220	58	50	65	140	94	142	123	115	134	133	141	107	86	212	84	101	127	96	127
29370	123	105	38	75	84	119	10	52	155	125	100	160	132	71	135	183	135	113	115	134	90	186	140	116	162	107	161	103	99	86	258	38	47	55	136	58	188	79	87	121	108	127	89	69	150	90	105	125	92	113
168384	320	370	103	287	247	260	78	108	566	134	303	381	318	423	435	407	205	364	320	282	132	385	211	225	660	176	454	265	481	284	426	99	137	127	513	231	319	263	218	263	313	495	197	212	441	276	288	449	312	291
1653434	308	177	311	179	2103	626	24	179	328	361	188	1196	214	234	1233	310	281	175	223	260	157	316	331	160	258	115	576	269	237	193	275	169	139	424	246	152	354	191	175	349	268	256	178	443	336	248	282	420	242	4479
2696063	80	91	32	53	49	56	10	26	121	75	100	81	114	54	94	115	90	72	136	88	47	126	97	65	100	50	136	102	80	58	102	60	51	60	93	69	114	91	52	71	75	86	71	85	99	82	100	97	71	89
1727145	73	59	25	49	37	54	3	24	129	48	88	90	130	41	79	83	54	46	126	85	44	131	86	61	88	36	94	78	77	65	95	49	77	27	114	55	84	96	76	55	97	101	61	92	109	68	107	56	77	83
433286	75	98	37	41	61	52	2	29	118	51	94	135	96	42	53	117	67	34	98	83	41	124	106	59	106	36	105	98	78	56	76	37	46	38	96	65	70	107	85	56	110	126	74	77	114	63	93	114	76	74
3039116	62	94	31	62	48	77	5	11	148	43	87	136	108	44	95	157	69	46	107	86	57	129	84	70	83	55	114	128	91	68	95	56	56	42	134	76	85	87	94	59	106	108	106	93	158	71	63	86	83	52
2068655	288	401	62	140	139	168	16	42	403	61	217	267	240	227	220	418	96	154	183	156	79	218	114	214	213	114	453	223	283	227	238	104	181	173	238	289	205	159	146	183	348	302	143	110	248	214	152	140	283	181
185007	199	510	135	70	166	199	3	95	624	56	387	1062	500	127	107	947	338	102	251	371	136	372	180	409	165	157	181	459	176	260	286	108	139	76	345	368	107	390	593	47	664	522	174	244	976	174	435	174	396	209
2490855	105	118	37	76	82	81	12	43	248	87	148	161	136	71	140	208	145	102	146	127	55	235	111	92	177	80	118	156	100	122	174	92	81	70	132	108	113	145	115	58	136	136	95	106	184	93	166	132	99	105
617123	70	111	35	51	43	35	3	33	145	23	105	115	128	40	65	141	78	23	104	82	49	137	57	84	66	32	68	126	62	42	86	43	69	22	133	81	97	80	154	28	153	114	59	84	156	55	74	46	95	58
2763667	158	295	127	308	264	180	9	113	620	76	252	550	298	275	438	387	423	502	228	222	87	435	299	252	318	163	451	382	408	283	297	270	98	170	302	291	341	201	234	277	327	400	220	150	501	196	221	383	345	120
2763669	80	173	46	198	67	152	16	30	187	82	97	99	165	121	193	153	81	122	173	102	77	196	105	100	224	99	178	199	237	182	195	29	52	114	220	140	158	132	86	116	82	157	131	63	212	203	169	164	251	88
2709410	80	91	26	52	31	57	4	27	125	16	86	63	131	101	102	89	38	54	102	61	51	80	49	50	53	49	95	65	170	86	93	21	27	18	163	72	54	117	69	50	86	98	74	54	93	94	80	84	150	52
2785025	76	84	21	50	37	58	0	21	121	52	88	111	107	43	78	124	59	24	121	112	48	111	139	47	82	46	109	113	69	46	147	66	56	40	113	60	152	85	66	46	91	120	75	91	150	78	97	91	65	107
28446	63	61	11	55	64	40	0	27	68	14	29	32	52	55	62	56	85	56	53	38	29	148	179	49	69	21	110	59	57	47	126	9	25	32	27	60	34	50	33	71	52	92	30	33	28	51	80	108	33	89
1679721	39	29	3	27	38	42	5	14	81	19	59	59	75	29	36	73	23	27	75	40	26	63	27	32	52	34	62	45	54	28	96	15	32	9	66	55	73	64	58	24	56	66	34	54	93	44	69	36	66	38
2934315	23	13	8	22	11	14	0	2	35	8	16	25	17	13	14	33	27	7	19	16	10	23	13	9	4	4	32	31	32	17	25	7	7	13	33	23	26	20	15	20	24	37	16	20	15	17	26	23	37	16
2929492	10100	1761	1801	3138	17439	430	305	704	2232	29	4139	106	1482	2227	1294	4281	598	674	11542	531	9546	453	130	468	138	129	10352	2318	1192	13689	2304	1150	1098	295	3674	1278	356	1548	1067	165	1858	2817	4940	664	1237	5955	3772	592	5307	7443
2929494	8427	1648	2070	2904	4700	493	351	786	2114	27	4852	71	1390	1518	1094	5469	253	495	7252	667	8427	389	135	667	326	98	9566	2549	930	13431	1859	995	1120	426	3967	1151	245	1793	1127	152	1996	2656	4513	517	1072	4788	4019	386	1923	8766
2929488	4504	772	1369	1597	1728	417	185	308	860	99	5859	298	1022	1148	709	4568	272	264	2956	355	4339	395	144	378	148	73	4449	1238	545	5925	1176	529	772	231	2877	608	127	1454	1195	192	1327	1647	2085	450	649	3098	2884	565	991	5802
2929489	2190	1020	579	855	914	636	181	218	1519	78	5553	148	1402	1905	4683	1568	419	719	1450	3336	6278	330	92	752	108	103	1642	1440	1126	1431	7148	716	1126	403	2592	780	391	2063	1166	173	3101	6916	970	298	5254	1884	2784	469	1749	1165
2929491	1082	1072	2683	1909	1169	1220	200	700	1963	22	2268	56	2272	1209	2089	3017	290	208	4034	287	4535	255	73	522	63	62	2227	569	805	1903	2824	192	389	107	3654	2463	177	1060	2114	81	1701	1333	2158	276	1024	2996	2943	657	939	1248
2929493	935	6102	704	819	702	394	148	269	1092	38	1257	75	1699	6991	1084	1530	385	435	5659	439	980	416	133	339	124	87	1374	457	1048	7293	1428	226	259	336	1080	1178	218	769	747	106	1854	1308	1359	31704	944	2370	1476	480	774	800
2929495	1066	1062	9137	7059	2752	4367	627	1692	3466	39	4331	56	5985	1779	5400	4533	367	422	5915	437	1350	217	105	388	120	61	3180	611	1215	4229	2124	191	461	341	11051	4660	251	2442	2154	67	4492	1997	2433	762	976	5240	3761	2748	1330	1216
2929490	631	686	680	623	446	306	107	127	1147	6	2564	35	826	983	2908	1097	294	267	1058	2041	3870	184	65	649	202	38	766	1019	818	1133	3466	380	788	259	1944	746	143	1300	1005	84	1727	3778	764	187	2959	1091	1718	193	1097	936
853	19247	22740	41798	32852	29335	22808	10787	12212	46093	593	52538	919	21220	23430	68380	38002	39702	49368	33971	30719	44133	3252	1109	7124	2032	1095	37439	13210	56070	36359	31694	4985	13170	24023	39146	32911	16466	23897	20845	1215	24033	29991	33586	8240	32937	48645	27794	12517	14040	32095
411483	1088	1145	536	587	729	314	145	156	1836	97	5258	209	1516	2542	5067	1792	233	247	1722	4216	7240	313	237	895	1668	90	1078	1569	957	1020	8016	820	1338	145	3469	904	416	2423	2189	242	3500	8113	1074	390	5396	2580	2878	619	2708	572
1160721	16973	93	97	250	72	118	3	383	4058	24	18645	250	3402	3283	173	529	155	40	5034	190	74	100	37	68	61	40	235	146	368	1914	5132	21	29	114	1322	172	43	5382	234	48	117	22633	5425	384	8359	3694	24699	82	1041	37
2831966	2538	0	0	3852	0	641	0	0	0	0	9041	1898	0	5044	4881	6270	2698	0	0	2558	0	12797	0	0	1702	0	1813	1712	4086	1406	0	0	133	1879	3429	0	0	0	550	8044	1337	5652	0	0	1163	0	1027	0	1485	0
2564099	909	40	42	519	82	110	45	52	324	6	54	161	177	47	58	887	289	39	99	285	20	66	34	31	730	26	207	159	475	1714	6938	11	42	396	473	80	35	154	67	121	3692	636	63	116	234	75	129	67	273	28
1161942	474	53	99	77	84	105	4	74	180	9	574	20	239	302	319	423	75	68	410	25	37	99	55	41	54	8	39	37	458	575	57	14	13	27	697	225	16	301	188	43	27	1105	181	351	592	422	206	85	530	21
1264	349	28	35	90	36	41	0	33	213	7	183	69	117	93	97	188	46	26	204	61	27	38	24	31	25	27	43	55	173	112	36	17	20	41	189	111	30	110	86	31	62	296	99	66	132	96	173	35	213	21
438033	92	203	35	182	108	114	6	37	307	59	176	180	183	113	180	184	123	129	135	106	61	196	105	95	211	92	190	131	178	101	187	49	64	57	129	102	174	126	108	92	163	183	95	87	237	111	138	182	201	161
2714355	909	913	134	3181	89	513	26	343	2593	26	3283	47	2052	4140	1789	5745	81	5753	1493	160	496	4859	130	837	487	446	273	313	9387	2509	627	55	61	125	7170	4481	152	4039	1320	1707	721	11918	1718	618	288	7670	2048	3073	4883	2046
2714353	529	322	279	721	49	182	11	77	1191	10	1747	93	921	2161	422	2780	147	321	1235	140	301	354	217	250	339	60	134	69	7000	1121	283	32	126	76	3023	3295	89	2884	866	116	321	1004	818	150	147	4080	1333	536	5832	337
292800	918	557	730	2464	3824	625	94	330	889	502	1276	1009	938	1986	1500	2144	1647	1855	635	6230	4046	6587	2330	679	1846	2917	3350	1656	2554	1202	1618	214	1413	3468	2321	2945	923	1754	572	873	388	1778	575	4312	630	1583	878	2953	2675	4210
1550024	763	391	356	1979	318	211	33	71	547	62	828	244	585	845	979	2419	393	1405	336	1127	124	1384	496	884	577	205	362	230	2936	342	359	76	93	1098	940	3009	264	551	276	992	134	640	306	2868	256	972	834	958	2227	763
169435	568	156	146	1669	137	231	42	97	862	97	360	131	282	604	457	601	822	414	325	925	160	1112	192	241	583	192	1036	638	793	464	291	32	45	228	1238	455	848	598	204	725	131	366	267	355	365	410	427	490	554	335
2093857	357	462	1071	4282	292	433	20	168	2417	118	1274	866	1264	4294	934	2680	660	1085	853	2208	892	2945	523	1260	784	224	818	392	4768	1273	1153	83	187	667	1782	5068	293	2966	891	3128	329	2031	982	1222	202	2911	1526	1433	3899	1866
2108523	318	592	64	1364	206	234	8	70	1024	65	623	73	1162	1137	1827	1675	661	1561	352	1787	549	3061	795	306	1914	29	354	243	1191	373	1997	65	166	3525	1464	1436	166	711	560	300	369	642	312	373	252	2290	465	402	2044	2249
2714358	265	390	234	764	113	165	22	102	529	72	609	95	533	1368	1038	857	270	281	364	1217	351	1389	293	291	353	95	231	194	1642	479	474	23	71	281	1078	1096	50	566	370	223	200	728	388	289	134	1312	441	550	959	100
214851	215	1811	1159	1667	71	135	17	436	1297	52	1305	78	1754	4489	235	990	347	539	726	95	104	1285	268	156	240	242	2059	109	3085	681	1255	182	175	98	969	687	103	1326	418	112	410	1983	714	250	2118	2154	1419	2091	871	295
2763056	154	216	137	368	83	79	14	64	759	13	587	29	507	690	219	976	631	218	349	146	326	231	61	94	171	94	201	121	1957	311	226	37	38	743	726	738	58	849	326	97	128	469	300	299	825	1085	420	192	1040	97
2766537	60	15	17	38	23	31	2	16	77	8	61	22	48	66	33	61	22	31	48	23	13	53	14	23	34	5	37	18	89	54	27	7	11	14	89	49	14	83	38	24	17	48	56	43	73	51	44	45	117	27
2994078	56	28	12	47	19	22	3	14	39	7	33	19	45	36	29	48	47	20	46	31	10	47	22	21	24	12	27	41	85	37	18	8	12	59	63	36	21	45	38	26	24	48	39	36	46	36	30	60	72	18
2666138	37	25	14	29	11	19	2	24	73	3	62	16	45	57	30	66	8	24	47	26	19	43	17	11	36	11	34	22	108	38	24	5	5	9	77	42	9	39	29	23	15	68	48	25	49	59	28	39	88	12
1981510	126	50	44	60	21	167	3	65	637	6	426	90	259	115	141	128	51	140	134	60	40	66	30	329	68	210	100	264	603	74	28	9	6	33	120	50	28	106	132	16	93	152	122	80	94	253	67	59	841	68
1796620	93	52	14	81	16	30	12	18	96	8	125	31	75	148	149	92	32	104	56	42	33	68	53	40	38	16	56	54	313	71	24	10	17	33	175	165	24	104	76	56	30	95	56	234	82	153	99	66	332	27
2780922	73	63	72	111	38	44	3	28	125	13	149	83	121	138	92	182	89	73	108	44	26	296	24	61	92	56	73	100	239	63	57	17	11	137	241	138	31	99	108	76	43	883	84	60	94	130	72	136	373	37
2966552	59	14	14	24	9	22	0	10	56	5	42	13	30	43	27	43	20	26	47	17	17	27	12	17	24	11	21	18	95	33	12	2	5	10	80	63	7	43	25	11	13	45	26	37	22	39	40	29	123	19
2488810	27	7	5	16	9	15	2	4	33	7	7	10	21	22	13	34	26	6	22	19	10	19	19	32	21	6	34	21	51	25	41	12	28	10	34	24	20	26	14	20	28	20	25	30	11	19	18	16	55	15
29362	21	31	7	28	9	35	0	4	48	6	13	23	15	23	18	29	22	7	19	15	12	15	13	12	5	4	18	23	20	6	36	9	11	13	25	23	8	16	14	7	24	25	23	26	11	8	21	9	35	2
288965	13	15	10	17	18	6	0	6	45	11	21	22	25	17	7	36	17	9	28	16	9	22	26	10	22	13	18	22	40	7	20	33	17	5	25	30	31	27	23	13	9	15	26	18	32	14	16	8	31	12
2507162	43	32	5	33	10	12	3	11	47	7	41	13	44	59	20	36	11	40	30	8	20	22	11	16	30	13	28	29	102	24	29	3	8	12	74	43	10	45	20	32	10	40	43	37	35	58	25	39	131	10
2576756	42	27	7	31	9	21	2	15	68	10	49	22	31	52	26	56	26	20	41	25	17	42	15	12	14	20	18	20	112	34	27	4	15	20	61	44	13	46	41	19	16	43	42	37	35	41	37	27	132	36
253239	24	22	18	41	42	21	2	21	52	4	66	17	64	95	29	88	17	27	62	42	29	35	12	28	37	5	21	14	201	40	21	9	7	14	109	83	7	75	48	23	14	65	50	32	41	95	68	37	150	13
3045146	23	7	6	34	13	15	0	12	33	7	27	12	32	21	17	42	23	15	21	18	11	22	26	12	18	9	24	14	44	21	47	9	10	12	23	20	46	28	20	24	14	35	30	23	26	19	20	18	38	10
411486	929	665	354	1137	555	615	185	235	813	279	600	530	523	1494	1095	2263	773	710	656	857	789	1324	1154	565	1493	739	1047	1021	991	695	559	172	368	501	1127	540	978	617	484	703	809	753	468	744	1670	588	653	721	1210	583
1042156	115	163	62	90	90	123	6	50	312	23	156	182	196	171	295	330	178	150	195	143	58	166	89	149	140	109	190	117	157	108	187	34	81	67	165	136	83	143	200	87	154	201	140	89	248	112	201	167	122	127
97138	37	19	12	19	17	14	4	15	43	14	19	44	23	45	52	48	25	18	31	40	20	64	50	28	40	15	51	30	86	23	85	10	25	17	25	32	37	28	21	35	24	68	49	29	22	30	37	18	43	26
641107	17	53	5	22	7	8	0	7	19	16	19	28	14	6	16	29	14	5	19	25	11	19	33	12	12	18	17	33	30	16	19	18	28	17	20	20	40	25	16	12	15	18	34	21	34	25	17	17	35	8
1155388	15	17	3	29	10	16	0	8	20	27	35	109	63	92	72	33	28	21	30	26	9	54	21	33	16	13	20	52	46	28	13	28	49	49	22	32	18	34	68	12	79	14	41	178	12	49	56	54	41	16
2930219	13	6	4	13	11	16	0	16	30	5	35	25	32	9	12	28	5	6	32	25	9	36	53	13	5	53	17	46	36	18	10	24	36	13	46	18	64	50	11	10	18	33	52	20	8	37	27	16	53	8
1502	120	116	256	78	51	1429	14	87	171	95	114	103	332	408	155	298	285	42	824	214	153	120	700	132	125	389	102	168	254	72	361	6193	115	70	267	71	2183	130	63	74	161	147	123	297	73	1670	328	203	191	130
1491	56	38	29	57	51	77	15	93	86	68	57	70	75	41	52	95	71	30	110	104	26	59	130	65	52	161	80	111	124	40	132	53	137	71	84	54	282	97	36	60	62	83	120	48	58	77	94	66	149	26
1529	38	25	29	13	18	34	0	21	49	64	65	92	30	55	14	22	23	18	42	68	16	62	60	30	17	37	106	32	101	24	44	20	27	17	44	33	85	60	22	23	27	60	47	31	56	53	75	37	83	17
182773	39	6	4	6	13	11	0	42	24	19	26	44	19	12	19	12	13	9	37	62	6	18	24	7	11	118	7	31	74	25	32	12	53	15	54	14	68	55	14	11	15	12	39	19	10	36	58	20	74	16
238834	20	31	8	13	17	33	4	11	48	29	22	28	24	18	19	20	35	6	32	15	11	37	46	22	19	23	25	35	38	19	31	31	28	24	23	25	63	32	20	8	24	26	29	20	34	30	29	22	37	18
1520	39	34	6	12	20	20	0	19	74	27	42	43	30	44	26	69	50	14	63	33	15	47	41	47	34	87	27	54	53	26	100	27	60	15	47	19	75	53	41	20	46	59	45	38	53	35	56	16	70	39
137838	17	16	5	15	7	12	0	20	29	15	27	25	18	8	16	37	21	14	31	16	14	34	23	30	14	79	17	18	47	22	64	19	46	17	23	24	86	57	22	14	18	23	44	21	19	38	46	26	61	14
1501	16	27	6	14	18	15	3	29	58	24	17	24	38	18	22	28	18	3	40	28	13	46	34	31	35	31	26	33	27	25	58	21	33	11	25	27	57	25	27	13	31	30	46	39	28	33	28	14	43	19
704125	14	10	14	3	6	26	2	20	27	6	24	15	16	7	8	17	9	5	24	19	8	22	36	7	6	44	19	28	35	15	56	15	25	4	33	11	46	21	6	4	22	19	19	13	16	17	19	17	32	8
2320868	13	12	0	3	10	19	0	24	30	4	33	30	32	8	18	45	21	12	27	25	7	20	23	20	11	48	14	20	39	18	23	21	32	6	31	18	63	36	16	9	33	22	28	18	29	30	49	7	38	13
169679	13	9	3	21	9	19	0	16	31	11	21	19	16	18	23	34	14	3	20	23	3	12	15	13	4	48	11	23	29	10	72	15	24	16	37	10	39	32	23	8	12	43	29	8	8	16	29	16	32	14
46867	14	2	0	3	15	16	0	29	21	7	16	36	10	3	16	7	9	8	23	26	5	7	26	7	12	141	5	21	78	13	28	17	43	5	29	18	69	48	9	17	12	14	67	8	15	36	42	20	68	6
394958	13	18	5	0	6	11	0	4	35	7	18	47	16	8	5	26	13	2	16	30	2	8	19	17	4	42	19	21	29	12	9	12	23	4	19	18	36	29	38	6	40	21	30	3	37	24	16	14	36	5
36745	12	14	4	12	15	24	0	9	30	19	20	24	22	14	17	19	13	14	32	16	10	20	36	13	15	56	19	24	23	13	32	19	52	24	27	18	67	21	19	10	18	16	35	17	15	28	16	19	51	21
1716543	16	23	0	13	15	11	0	15	38	6	14	8	22	10	16	19	19	7	21	18	7	32	15	22	13	21	19	25	29	12	40	10	25	6	26	18	30	26	9	10	19	17	23	14	29	16	20	26	33	14
1492	39	41	30	16	50	46	0	20	114	48	80	86	58	48	46	157	42	12	68	63	20	79	63	69	39	104	48	42	79	33	118	21	89	23	82	62	165	79	65	34	78	138	91	66	62	59	97	52	92	33
1561	10	10	0	17	16	26	0	38	34	26	25	35	19	9	25	20	10	7	28	32	7	21	62	30	15	127	20	36	96	13	33	25	89	20	46	23	122	56	32	23	33	36	69	18	8	50	50	21	83	9
1216932	11	2	5	7	12	19	0	16	17	12	12	22	23	13	29	30	14	5	15	27	8	17	56	13	12	49	22	17	39	16	46	27	21	24	38	21	58	34	29	4	20	205	34	13	14	26	30	20	58	14
36845	9	4	0	7	9	7	0	8	21	32	18	16	15	5	17	16	14	5	23	18	4	16	29	13	6	47	15	16	31	3	41	10	25	21	18	14	50	34	18	14	7	9	24	10	7	31	25	8	31	7
1509	32	22	5	7	74	33	0	11	109	22	51	76	44	37	23	122	73	16	56	41	30	65	108	78	57	53	54	54	119	26	72	19	49	23	39	50	191	48	39	24	74	79	83	23	58	44	32	46	96	22
1504	2	4	2	4	18	8	0	21	27	9	8	18	10	4	19	7	6	3	23	20	2	6	26	10	4	99	7	27	57	6	28	19	47	32	21	16	81	70	5	8	23	19	38	6	6	16	38	31	69	16
154046	523	572	282	1609	383	686	77	337	570	358	430	493	372	367	921	616	680	1150	558	509	668	975	772	501	879	292	650	425	519	375	629	263	216	543	783	548	479	440	345	807	382	447	334	971	538	1141	419	845	825	677
384636	150	137	53	72	67	129	28	37	271	122	120	157	156	65	122	167	143	98	135	131	68	187	115	137	161	99	162	136	101	74	223	55	65	58	150	84	128	122	89	95	101	173	90	111	235	83	121	130	89	81
3036945	20	13	5	23	15	11	2	5	27	9	18	6	21	74	10	25	10	11	17	19	7	15	21	13	10	12	16	13	79	18	24	6	10	11	31	24	11	28	28	6	11	17	16	15	21	38	26	14	73	10
2109686	12	6	28	0	43	58	38	18	8	6	123	35	40	0	55	21	9	61	39	30	4	28	128	10	29	0	44	26	8	25	57	7	6	35	16	35	46	34	14	217	13	7	84	0	16	10	5	98	0	50
1490	4	9	16	4	9	5	0	4	21	15	8	18	423	4	14	5	7	2	29	9	6	13	27	27	12	27	5	28	43	9	16	45	24	10	17	3	74	20	18	4	14	18	9	32	13	31	24	10	19	9
1496	1463	1939	771	1359	717	788	149	398	1909	594	1905	1362	1259	1711	3331	1555	1643	1117	1052	1768	579	1246	1295	2633	1712	774	1818	1143	2226	1598	1258	472	491	1006	1503	734	1134	1101	510	1339	1971	1786	910	609	1119	813	745	1528	2006	916
2708053	8	5	10	10	20	38	0	40	35	93	91	34	61	12	84	5	2	0	187	11	20	14	18	14	57	232	4	30	399	77	59	481	301	59	30	20	202	23	202	0	126	7	43	27	3	140	117	37	139	35
2724150	5	4	10	3	5	4	0	11	11	20	11	10	44	3	17	0	2	0	30	9	14	8	11	16	35	42	0	8	64	13	15	43	43	11	6	10	66	12	19	0	24	6	14	30	2	21	21	48	51	11
1507512	5	0	3	2	10	3	0	12	9	10	7	8	18	4	8	4	3	3	28	12	5	8	19	13	30	49	10	11	54	14	35	56	37	10	9	6	59	11	23	3	23	5	9	24	3	19	24	27	27	5
1115758	6	3	6	59	38	138	0	183	57	429	191	71	170	21	288	10	11	7	755	23	43	44	10	5	112	860	8	43	1423	269	15	1496	911	145	107	28	633	17	726	0	386	9	138	33	3	482	436	21	516	117
89152	18	13	9	15	15	25	3	9	47	48	30	40	29	12	21	25	31	1252	19	32	17	4389	43	41	32	14	15	5617	30	20	51	6993	1940	27	826	22	8078	29	33	17	49	23	42	30	30	25	25	25	25	21
1505	5	6	5	4	6	12	2	10	17	27	6	8	24	18	15	7	10	4	39	8	6	35	30	19	37	55	15	16	48	10	21	42	26	21	7	4	42	20	19	7	14	16	17	51	9	18	28	27	17	2
2813371	5	5	16	3	17	10	0	5	9	16	20	23	38	15	10	6	5	0	13	8	13	58	25	8	156	261	4	9	30	2	26	10	9	19	5	5	23	15	5	4	21	10	15	51	2	22	79	58	42	48
39496	461	1489	529	464	3700	229	16	137	1440	185	422	502	583	1409	649	598	324	969	610	940	296	4720	1262	275	791	253	640	5304	1982	395	1853	553	216	1743	915	797	342	491	1246	3929	443	901	614	736	549	358	497	1403	1151	301
2841037	140	146	43	135	98	115	7	36	207	150	123	195	159	97	217	158	189	145	158	168	82	196	233	152	139	92	251	177	144	86	194	109	90	161	158	122	217	111	102	118	142	158	94	475	183	141	151	208	215	181
2841528	120	205	56	117	84	506	6	90	300	37	216	248	786	462	328	1402	109	109	421	163	57	188	112	168	143	129	178	204	1121	328	210	62	89	43	2688	136	179	635	296	106	268	572	428	192	390	413	241	137	188	162
2764325	257	89	92	159	105	67	22	53	556	111	154	379	318	643	515	392	253	98	188	1098	250	659	495	800	545	125	309	263	291	447	244	126	219	163	374	256	297	432	177	726	317	205	469	94	212	469	376	298	198	420
1736	69	58	22	43	12	15	3	13	111	61	69	250	49	76	52	156	80	78	44	29	63	83	44	50	22	222	48	29	571	47	36	27	21	38	450	55	153	42	41	36	25	100	26	789	104	73	85	34	354	41
53442	64	31	55	37	28	27	0	6	61	26	39	48	56	156	184	51	60	34	38	54	65	59	31	26	129	32	75	70	62	74	42	82	25	322	159	155	20	67	28	16	18	98	20	47	33	63	24	219	65	51
2041044	36	18	18	80	27	21	2	13	124	7	74	31	85	52	80	72	38	56	24	47	28	78	31	85	19	24	122	48	74	40	69	4	19	20	68	60	39	30	34	27	20	55	38	64	104	75	31	43	408	54
1297617	246	207	66	869	92	160	14	93	421	21	836	53	484	924	300	834	167	229	455	171	327	462	144	194	196	64	296	101	2657	511	188	33	66	103	1489	1130	78	1530	569	392	135	485	320	239	174	1102	471	252	1933	138
2086584	242	171	64	333	153	137	9	73	297	168	223	154	202	205	227	208	137	274	143	163	103	245	196	136	183	78	186	187	287	127	187	88	101	144	363	156	154	145	100	126	133	282	118	152	189	220	117	217	1117	138
2610895	232	177	54	366	272	138	14	63	234	62	377	56	345	466	2382	335	287	1218	214	300	322	1023	268	191	193	70	414	537	727	352	178	41	49	317	371	324	178	465	169	115	100	327	174	390	300	474	353	847	732	239
2697030	32	16	9	10	12	20	0	2	37	5	21	39	23	20	20	21	8	9	20	18	10	12	25	19	9	13	20	21	25	14	18	2	11	3	26	24	24	31	19	8	21	25	15	16	56	22	28	12	56	14
2507160	28	10	4	35	5	9	0	2	20	5	22	17	31	43	26	32	13	13	40	10	10	34	28	20	20	13	7	15	37	21	30	5	8	23	47	35	12	29	13	20	14	35	21	29	7	24	18	10	119	13
1776384	66	33	24	132	14	28	2	12	52	27	59	61	41	72	69	76	249	86	29	38	26	222	75	197	28	16	39	32	95	30	33	20	13	43	153	66	63	53	29	46	33	42	19	759	49	51	56	111	90	36
114527	22	30	43	22	15	6	45	18	64	122	44	46	55	12	26	31	37	22	33	26	125	32	68	27	42	179	8	15	117	83	39	16	71	102	26	51	8	41	49	30	93	13	31	128	35	22	42	29	83	20
626937	96	106	17	31	27	79	5	16	81	26	95	167	61	103	66	527	24	47	44	40	15	112	32	60	82	44	161	38	221	68	25	17	60	99	65	310	19	79	88	35	107	84	88	14	18	57	56	29	219	56
1185412	21	15	22	12	8	14	3	6	30	8	18	25	34	12	17	21	6	13	25	25	8	37	35	24	11	22	23	24	17	13	73	17	25	14	25	19	42	44	20	5	29	33	27	25	24	22	28	15	18	19
2086585	56	63	18	52	17	21	0	12	70	3	64	15	76	107	49	67	21	67	39	13	11	38	26	22	36	21	22	15	213	49	24	7	8	19	232	90	24	109	40	21	11	50	58	39	29	108	83	49	377	18
29360	6	31	9	6	0	6	0	5	24	0	14	43	15	9	13	32	4	5	13	19	15	18	15	30	13	9	12	12	13	13	125	6	18	0	14	10	18	11	23	18	30	26	15	15	40	34	16	29	22	0
2478954	10438	29	23	49	29	10298	5	13	50	25	5727	39	9231	106	91	26	22	27	10155	23	14	144	8707	43	13	33	60	59	48	1899	39	99	7258	29	10223	38068	40	32	306	56	4742	47	85	22	69	210	14879	102	7596	34
100886	6931	64	65	54	25	5926	15	23	129	13	3061	45	4950	85	74	65	71	57	5411	30	10	55	5336	34	43	13	107	58	83	10174	65	80	4345	31	5676	20780	57	57	72	61	2938	90	140	45	83	121	8172	37	4966	44
1522	473	230	197	594	259	284	29	297	561	171	369	565	309	647	731	377	416	796	270	1039	555	430	1080	421	399	2051	395	361	963	316	475	196	104	310	682	505	499	608	255	532	581	481	395	1842	336	730	583	538	1683	1291
1547	396	77	57	205	81	240	23	62	312	423	161	1213	181	195	336	249	836	272	114	172	339	174	189	110	352	237	96	100	201	76	192	89	140	765	119	154	2049	102	154	219	145	189	80	3937	193	1276	154	516	208	241
29348	16	15	4	8	23	13	2	3	97	28	7	20	77	133	70	11	12	26	44	30	5	93	25	33	9	10	22	36	59	23	18	32	69	12	31	22	23	22	86	9	48	25	26	77	6	50	46	30	26	59
2583452	157	61	41	75	52	239	3	27	73	133	128	140	246	116	166	114	168	67	90	270	67	143	201	216	111	627	109	794	127	191	184	102	231	289	246	97	200	153	354	173	247	76	103	72	78	197	85	260	266	81
1796635	113	178	94	156	63	453	16	59	273	115	124	129	243	134	186	76	53	66	121	119	152	199	55	477	197	63	287	167	175	164	282	93	165	209	197	123	307	164	122	131	259	225	168	80	137	244	324	127	129	279
1982626	98	5126	1301	1397	1472	91	12	302	2200	30	346	40	277	1887	2782	371	68	1000	460	1538	48	3155	94	792	80	81	2286	1729	1986	121	180	1816	719	85	280	138	86	1062	776	3082	645	977	827	65	3058	1730	96	84	135	860
39483	91	197	53	681	111	178	25	48	210	42	162	96	870	578	227	205	142	163	229	128	102	204	221	723	193	137	112	104	489	539	92	237	557	54	409	450	128	360	718	317	790	252	400	2434	140	691	205	181	295	71
2944914	28	3	4	17	14	10	4	2	19	49	34	12	41	62	36	6	22	7	24	33	6	41	42	36	8	9	26	15	25	11	11	29	43	24	37	18	40	26	41	26	44	6	21	94	18	37	13	41	30	14
2487118	11	23	7	12	23	37	15	30	36	10	21	24	65	28	35	36	15	13	31	13	9	49	20	24	14	32	24	13	24	29	39	10	34	3	27	14	28	30	34	9	38	40	35	13	24	24	17	16	20	30
1702221	8	24	12	13	9	16	5	0	19	5	22	16	79	37	15	34	5	11	22	9	5	20	21	41	7	17	23	18	36	40	4	9	35	11	32	31	8	29	35	4	46	25	30	9	11	35	7	11	24	10
2735723	49	3	5	4	0	20	6	0	5	10	10	0	38	6	25	44	3	5	6	10	6	64	8	25	31	495	2	0	344	7	11	14	149	8	10	6	0	15	8	2	9	13	9	37	7	28	712	15	95	20
437897	3980	24	5997	6232	15	13	2	15	14357	114988	6	23	848	11	8	12605	9	4100	21	22269	1604	13	19	4582	14714	15	15	35912	14	19	75	867	19178	47313	19	8	29	3821	24	7	14544	236	3354	16	17700	2004	10	14	8	5
158847	20	11	91	35	6	11	0	0	19	236	6	16	14	8	10	66	5	21	11	287	8	15	6	11	36	0	4	113	5	13	20	9	77	96	11	8	7	27	19	2	34	17	23	7	58	8	0	3	16	18
971	19	3	5	9	9	34	2	5	22	3	30	10	81	18	11	20	5	10	60	113	9	13	14	10	39	710	16	34	30	418	18	3	14	24	26	22	12	38	53	8	9	10	21	11	18	19	14	104	24	10
69823	9	28	8	45	3	30	5	7	26	5	24	16	94	44	14	20	7	16	73	121	20	23	8	15	38	771	13	39	71	476	18	8	25	27	24	20	16	76	47	26	11	28	25	16	12	31	42	92	94	11
2823317	1977	999	2	19	15	74	0	17	173	10	318	4	309	186	22	46	357	19	3886	25	5498	2096	380	445	503	10	21	383	31	78	18	153	5267	6	49	551	482	475	14	15	19	118	3156	23	33	4549	43	251	66	2
626940	1782	826	5	15	13	25	2	12	2016	34	5251	3	5370	2663	15	34	4198	21	3476	12	5241	2489	6344	6782	6687	11	47	7142	46	1197	29	2230	5379	7	39	10270	7331	4687	32	11	32	1167	2586	6	28	4194	12	5809	86	7
33025	14	73	1219	3154	3038	24	613	8843	44	701	24	1880	25	40	4457	4497	25	7803	22	1549	18	125	19	9	40	366	6767	10	17308	101	1152	10	18	5253	8175	10	12	22	12	5522	5199	55	20	14	3195	15	152	50	9600	5749
905	15	17	8	7	0	212	0	2	17	4	13	11	1821	9	16	22	8	6	70	1011	20	24	62	395	10	37	8	8	34	116	11	2	17	10	22	15	14	85	52	7	11	9	12	11	83	13	48	19	119	7
187327	12	20	61	9	7	20	154	2376	18	10	8	7241	63	26	49	44	15	234	17	36	31	10	44	54	49	52	5	310	25	370	21	4	5	9	507	14	24	64	44	2	7	84	10	39	2198	54	1559	17	16	16
2144175	20	11	11	15	15	29	6	7	302	7	24	13	53	40	21	30	12	15	22	84	18	16	14	13	10	34	21	17	49	40	17	5	6	3598	19	24	7	17	30	15	28	46	22	2086	22	36	20	26	61	20
907	14	13	17	13	17	38	3	4	17	9	15	20	1362	16	20	21	15	17	36	9665	3228	12	486	13	18	101	13	876	32	1947	24	3	315	12	18	16	33	1131	55	7	18	21	12	18	95	14	21	52	35	49
423477	14	6	255	14	36	249	209	52	18	327	20	107	256	4	51	7	68	5	47	17	465	9	698	4	50	12536	52	6	121	90	104	345	36	22	7	13	10	11	632	13	326	11	28	2111	8	10	1083	10	6	32
29466	9	10	189	17	19	89	35	40	19	305	17	65	257	2	15	12	113	5	17	21	149	0	763	3	96	2105	11	2	288	31	1285	1395	61	22	13	7	6	17	119	15	343	19	18	2013	29	5	438	2	13	18
2682456	12	4	327	2	40	386	128	13	35	264	29	86	329	0	26	4	57	7	19	6	164	0	840	0	40	1056	14	0	112	96	164	18	24	7	0	3	0	22	36	0	142	0	13	248	4	4	56	0	7	7
2682455	2	4	284	4	29	281	78	3	13	180	21	97	180	3	23	5	65	7	6	0	159	0	652	0	38	945	8	4	78	68	130	21	16	0	0	5	5	6	27	0	144	0	21	233	3	3	55	0	6	0
39778	2	6	240	4	33	284	52	4	14	168	9	89	144	4	73	19	133	5	9	5	235	0	540	14	107	1701	11	0	64	59	196	31	27	5	4	2	4	9	37	0	279	5	47	360	20	10	44	0	7	5
487173	5	19	81	15	79	1217	0	54	14	6	11	17	36	9	11	17	9	4	12	110	12	8	6	12	14	21	13	22	12	668	31	7	9	16	10	7	15	403	8550	18	19	21	8	97	21	9	32	20	17	0
2582419	2	0	4748	0	5049	454	0	26	6	4	0	1465	34	6	0	1709	0	2	0	2559	23	0	10	8	7	7	0	3	12	189	2540	0	0	0	14	6	0	85	259	8	8	7	3	26	5	16	3177	0	13	7
2161821	3	0	6025	0	5354	160	0	6	10	4	11	1665	5	16	3	1351	0	4	12	2735	4	7	0	0	0	12	0	7	0	76	2112	0	12	0	0	6	0	89	212	18	17	0	6	37	8	0	3357	16	10	0
1396	79	18	13	23	5	28	0	57	53	94	24	20	75	19	34	31	23	15	155	24	31	31	51	30	52	42	36	30	25	15	113	39	72	12	65	35	65	42	25	24	47	31	165	61	67	38	19	41	51	52
1742359	99	89	100	95	99	95	91	89	101	104	92	111	109	103	109	109	107	86	108	88	101	107	95	112	88	91	99	102	104	110	91	98	111	91	108	97	114	93	111	83	108	110	92	94	101	116	96	96	107	84
492670	9	25	25	17	20	44	0	4	0	17	31	69	25	27	10	38	29	0	13	20	0	32	62	42	0	7	0	66	74	15	27	16	25	17	0	58	0	34	39	13	67	24	23	0	43	0	49	0	29	29
1423	33	14	0	15	4	28	0	34	49	8	21	25	11	9	6	38	25	33	14	13	16	22	9	11	35	27	15	7	47	8	5	18	18	17	11	41	23	26	47	0	12	23	47	0	26	10	17	76	49	6
1404	29	20	11	25	63	56	0	4	21	48	48	33	83	25	40	52	48	10	61	14	32	52	65	75	25	27	59	59	49	45	19	29	37	46	49	38	44	37	42	14	45	42	49	31	37	51	25	31	29	8
412384	36	25	0	38	0	0	0	0	85	19	0	0	0	0	0	39	0	0	74	36	17	44	0	0	0	0	0	26	0	25	89	0	23	0	42	28	23	14	39	45	0	0	0	49	36	0	56	0	66	75
1451	100	109	94	98	109	114	59	74	115	91	120	95	120	131	103	123	76	106	108	119	87	120	93	121	116	98	99	103	135	122	114	81	93	70	145	116	110	120	105	111	99	99	111	111	118	105	99	97	131	98
1406	30	34	18	28	35	16	0	44	84	43	37	49	30	55	15	28	45	13	35	13	51	49	22	25	38	19	29	41	42	43	17	18	25	24	38	31	32	47	106	23	76	21	46	10	23	41	30	46	58	33
1464	51	85	23	22	36	0	0	0	96	715	50	39	186	17	20	61	0	20	25	34	67	50	64	70	51	0	46	136	22	32	126	19	500	0	30	64	30	91	136	29	0	51	207	395	60	28	97	22	55	16
54914	145	126	129	132	116	143	123	127	133	119	137	122	145	141	141	158	127	131	134	122	140	134	130	121	153	140	137	133	145	144	145	125	138	129	133	151	151	132	138	126	138	135	143	126	130	133	130	131	157	123
2756	98	88	99	91	89	91	86	96	98	95	94	115	104	86	93	110	96	99	100	96	92	98	92	92	85	75	75	94	101	93	90	85	94	95	86	87	97	90	98	95	108	102	90	106	104	97	94	93	101	85
1280	20	0	0	21	25	15	0	11	23	29	101	15	60	32	12	19	18	0	20	24	0	15	31	33	50	39	30	33	34	0	29	70	26	33	23	24	38	30	49	0	55	41	53	12	23	26	21	18	51	26
1623	67	112	4719	34	26	1546	29	17	202	24	103	222	842	53	56	125	41	109	99	154	50	194	26	70	49	54	52	90	195	86	455	36	59	34	144	78	35	102	2812	19	153	251	54	42	287	58	83	96	96	644
1624	13	3	5	20	17	28	0	2	17	96	10	211	65	8	12	26	18	21	16	8	12	28	22	18	229	19	20	10	24	8	1273	79	18	12	57	6	20	13	31	19	201	25	34	15	5	17	18	24	76	14
1583	4	3	513	8	0	1097	124	6	34	0	21	0	14	23	5	9	38	31	53	17	1676	9	439	260	21	7	2	3	244	165	2138	26363	28	12	53	91	7	9	6	3	279	4	10	93	190	17	32	13	2	9
137591	2	2	1703	10	8	84	10	2	5	0	5	0	28	33	98	0	12	11	46	18	5331	5	131	51	44	17	0	2	31	2	480	9051	55	19	36	30	3	0	5	3	244	0	5	9	1175	4	8	6	3	2
1304	239	1261	4920	385	3183	6293	5367	4056	1217	893	213	2817	6350	915	189	1092	4839	832	1474	1171	12245	1412	10584	18	3052	9991	841	145	4834	3009	3634	231	2186	1443	2980	1210	547	183	543	517	2396	553	808	27735	272	710	1428	780	29	186
1316408	11	68	157	12	227	886	383	223	131	111	19	424	478	48	3	15	179	50	40	48	787	71	815	30	156	681	63	3	322	87	82	15	82	34	143	10	11	7	3	7	98	40	16	1657	16	29	194	2	2	31
2610896	8	97	191	12	228	977	549	306	146	102	23	521	628	71	8	34	252	69	48	48	873	99	968	46	132	904	75	9	395	78	99	16	120	35	172	9	9	8	3	8	102	71	22	1960	20	36	209	4	7	45
1759399	5	11	19	2	24	72	129	144	33	51	7	63	68	6	37	4	43	6	24	29	73	13	70	48	12	269	14	12	33	123	6	98	8	104	11	4	15	4	22	63	33	2	0	305	2	18	64	13	0	12
1839799	5	32	113	6	110	272	95	149	73	16	6	57	163	45	10	35	217	38	28	28	271	22	222	0	49	211	32	0	90	47	221	8	87	39	203	24	15	6	12	7	119	15	19	875	6	37	58	21	7	0
1307	76	47	32	34	35	127	9	63	130	37	167	116	75	86	45	51	33	30	85	28	35	54	71	50	46	63	476	315	603	97	34	205	26	21	1323	53	26	116	39	50	86	155	176	129	145	151	101	84	340	76
1308	42	41	97	24	46	222	87	110	1601	22	20	80	109	5539	29	33	154	26	43	35	189	38	230	20	57	192	22	25	379	47	172	323	79	34	85	31	13	7	17	17	125	22	23	697	39	26	56	75	15	234
197614	83	13	5	51	0	72	5	12	105	151	30	80	78	661	258	47	2151	20	40	33	11	29	1448	8	32	19	28	34	20	57	47	468	36	58	37	83	83	135	48	48	21	65	6	8	66	77	109	2919	198	24
1305	22	42	26	9	38	32	156	86	21	237	8	85	275	28	6	18	11	8	33	13	35	29	129	12	84	102	19	20	58	56	25	59	118	51	76	15	18	10	9	32	67	19	6	104	6	26	19	20	11	32
1328	9	19	92	13	37	15	15	19	47	66	7	42	46	28	31	40	27	11	14	28	33	22	84	11	22	166	14	16	27	30	12	103	24	61	29	14	29	26	101	8	40	15	19	1227	30	19	26	18	24	50
1303	20	22	42	13	47	67	146	140	52	222	4	124	72	18	20	16	69	16	62	30	54	31	99	59	63	168	26	26	39	58	84	96	154	105	33	33	39	21	138	31	56	12	84	1022	12	10	63	26	12	51
1311	60	30	6	19	15	152	7	15	64	97	139	13	79	83	148	51	16	15	48	31	25	112	46	19	28	39	62	10	306	26	0	292	36	13	9	32	41	47	27	40	90	114	85	273	10	28	41	34	74	17
684066	10	11	26	7	45	124	67	49	15	17	5	69	66	16	9	8	40	16	14	12	117	12	124	13	13	99	14	3	52	12	15	18	23	15	18	5	10	5	4	8	15	14	11	249	6	9	21	6	7	11
1156431	14	32	18	19	43	117	433	325	30	176	2	375	107	23	56	10	29	5	14	59	113	60	150	8	15	290	46	13	34	170	17	194	69	114	10	28	17	15	19	72	49	12	2	254	2	18	45	67	0	45
150055	11	11	21	3	6	309	9	14	23	6	11	10	14	38	2	2	183	9	24	2	24	17	48	4	12	29	12	9	48	18	22	4060	9	3	11	6	29	18	4	6	99	5	12	13	4	20	9	231	8	17
2382163	11	14	6	12	16	54	245	122	16	54	0	141	60	12	49	0	16	0	12	27	62	13	53	10	7	88	29	5	34	85	6	104	46	71	2	12	7	4	14	46	36	2	2	120	0	12	19	25	0	20
28037	7	23	15	5	51	47	144	109	39	641	0	37	42	34	13	0	34	31	107	50	39	95	103	24	60	133	37	18	13	27	33	151	350	116	14	19	108	8	34	69	38	15	14	137	0	18	30	34	2	43
1313	8	20	38	6	45	33	46	22	17	196	9	174	17	13	9	14	27	6	33	23	12	33	56	5	18	75	24	18	17	19	7	47	116	30	41	3	61	63	5	12	63	13	6	147	150	7	18	15	25	12
1302	4	13	17	5	55	50	36	151	29	54	13	65	109	21	18	11	36	6	10	13	42	30	92	22	34	457	12	8	154	14	30	117	82	29	37	16	13	10	12	30	66	13	7	622	19	5	45	4	16	47
113107	4	21	24	2	28	134	96	114	38	45	0	94	55	13	22	6	45	11	23	22	85	24	85	21	21	185	6	18	46	86	22	76	24	99	8	7	14	5	22	57	37	9	2	317	3	3	46	12	0	19
68892	2	3	6	3	13	24	70	27	8	53	0	52	28	4	4	6	26	5	6	10	20	2	26	36	8	78	4	5	6	9	3	10	21	26	7	11	6	7	4	5	17	7	5	211	2	6	14	2	6	17
1318	2	88	183	22	325	2864	418	311	216	118	8	817	575	52	15	26	232	71	107	82	967	105	1742	99	175	928	70	19	836	96	86	23	152	132	141	17	10	11	29	14	132	72	27	2391	10	46	228	6	3	42
1234680	2	11	9	2	8	31	246	82	5	26	2	118	34	0	10	5	16	2	7	10	43	11	43	8	6	96	18	10	13	53	8	51	24	30	4	7	11	0	6	27	18	4	0	64	0	9	16	20	0	3
1358	21	58	364	19	3	169	8	7	51	17	4	0	13	13	9	9	21	0	11	16	1013	10	21	30	58	105	8	8	322	17	216	2349	32	17	42	104	19	17	23	4	37	12	24	673	23	18	26	13	60	7
1363	6	4	147	0	3	827	0	11	49	4	3	2	13	9	10	0	4	5	48	25	104	8	6	13	9	2	2	9	11	25	42	4677	10	14	31	24	32	5	8	4	113	0	2	7	2	3	11	2	2	11
1359	13	38	43	188	32	95	6	6	38	0	51	14	32	43	42	64	6	71	85	35	29	19	13	15	6	8	18	19	29	110	14	79	40	5	13	27	11	30	58	19	31	22	39	18	60	41	69	40	42	32
1352	156	124	104	416	70	114	21	22	443	546	477	228	181	280	481	421	250	164	306	271	158	425	361	202	83	75	243	181	553	176	469	1501	104	295	791	267	325	320	79	224	11320	1354	90	213	217	404	318	475	250	311
44008	29	16	14	18	41	42	3	3	18	11	13	60	22	29	30	7	19	15	27	38	5	55	17	40	20	20	48	45	11	20	26	57	31	9	78	101	19	40	30	13	39	72	36	33	40	51	28	52	22	14
1351	22	5	501	19	18	99	0	7	41	129	16	24	23	20	28	17	6	15	22	34	43	33	427	9	52	29	39	27	178	393	30	8816	160	27	19	22	73	17	20	24	467	37	30	217	11	50	8	14	41	24
1354	9	5	273	4	3	15	3	0	10	22	6	15	8	6	7	5	7	4	18	3	16	6	11	0	4	18	9	10	43	10	248	49654	29	3	4833	0	126	251	12	5	252	47	9	120	3	8	0	11	5	6
46125	24	20	20	24	22	22	22	17	31	29	23	20	22	20	22	25	23	17	23	25	24	27	22	25	27	25	22	22	26	20	29	46	32	30	22	20	23	21	20	26	28	20	21	31	21	26	31	30	22	20
46124	2	11	6	2	42	19	124	69	31	77	4	125	66	10	6	8	30	5	16	33	12	14	33	55	18	101	32	22	14	17	17	73	81	95	9	13	19	5	16	2	73	33	31	55	24	14	31	29	10	26
1260	16	14	23	11	17	12	3	3	13	68	14	9	15	11	5	16	20	11	22	9	8	44	30	39	12	10	19	35	18	12	44	6	19	37	25	26	38	21	22	13	18	14	32	7	18	9	12	12	24	16
1680	2209	20	3245	9	2956	7	244	2025	231	5417	56	68180	21187	349	58	58	3	6733	578	35918	14	17	3	13	99	19	51	1924	6929	40	63426	6	81	36	21294	1225	14	1463	3613	71	2678	49320	3621	7273	372	12036	38313	17	91	68
216816	143	29	5056	76	1104	48	38886	1694	6863	1112	98	15866	3846	101152	510	3075	286	113	31	26319	74	3754	169	61	306	4002	666	6587	7498	2164	6549	22	17	1800	1424	9599	40	304	847	515	587	1351	1145	812	1338	1826	2150	1909	226	3638
1685	80	56	80	61	97	25	516	42	123	65	28	740	96	668	38	56	65	100	26	219	25	74	27	62	140	64	45	173	122	38	370	30	25	30	185	512	15	37	37	90	42	170	397	75	67	78	122	84	48	47
1686	64	7	317	4	1061	4	643	54	574	238	119	20313	143	1351	15	47	5	125	17	175	11	37	3	5	24	4	36	136	86	18	1198	24	4	91	400	31815	2	68	147	72	28	575	7856	105	1027	472	314	43	241	89
28026	46	20	3195	6	938	16	12498	261	8870	4604	1061	17849	204	14924	6	5	2	513	15	249	6	7	2	3	262	8	216	2071	188	10	18570	13	3	1343	147	22925	10	329	299	1950	50	953	59604	169	18220	1955	769	685	1391	2516
1689	6	3	40	2	20	5	17	9	43	36	44	337	191	57	6	14	63	26	8	51	439	6	4	7	74	4	0	8	78	10	181	0	0	4	62	238	2	13	99	8	62	171	312	2176	28	29	70	3	23	7
1683	5	3	18	0	41	6	33	12	15	17	13	868	70	56	6	6	3	16	9	115	5	2	6	12	2	0	4	18	29	6	111	0	12	6	78	844	8	14	20	7	22	221	371	14	25	46	66	5	19	5
1694	5	9	10	8	11	5	9	5	16	4	14	56	29	27	4	7	0	219	5	24	11	4	4	10	3	8	0	13	24	7	42	0	6	6	15	46	8	5	9	5	5	25	47	90	12	15	13	9	18	0
43675	32	30	77	15	94	234	559	264	125	532	16	208	99	44	50	15	164	11	96	82	141	10	194	43	59	631	534	11	51	126	28	186	105	65	10	18	28	107	466	39	108	107	39	180	5	40	42	90	0	18
1660	34	163	247	219	169	321	536	137	85	911	166	572	438	108	156	106	281	154	168	425	261	150	546	303	415	1224	208	102	175	208	54	278	606	512	137	150	330	167	301	287	153	88	44	398	28	145	85	167	146	167
544580	14	58	51	6	17	17	11	45	23	261	0	53	40	33	0	15	32	12	17	54	73	38	49	42	142	27	21	16	81	17	25	69	90	73	50	8	23	11	14	50	33	13	0	16	10	14	12	13	47	43
74426	2561	14765	9836	7486	14638	12025	14754	12097	6733	3880	11305	15203	12666	43288	35344	10042	2790	12769	11598	11774	16984	10043	5034	3993	20874	4327	11999	22820	6562	8312	2643	4312	10115	11270	3725	13763	2995	8916	4180	4701	6762	14437	5650	108	4005	13423	10737	17982	427	18524
147206	8	27	18	15	138	49	143	14	23	335	31	897	210	124	51	24	60	20	32	1261	22	16	26	7	20	12	70	299	33	20	12	4	13	848	100	52	483	25	38	51	109	38	21	80	150	64	22	30	2581	831
1382	3	15	6	26	14	20	51	7	10	38	13	26	41	4	84	0	51	23	24	6	29	7	38	10	62	59	5	9	28	21	14	11	41	31	10	16	17	9	3	6	15	11	5	34	4	4	7	4	16	10
1871022	9	53	4	12	20	17	53	44	34	14	41	193	73	105	62	54	4	65	86	44	24	34	18	11	18	10	11	39	38	41	19	6	16	30	41	77	20	50	21	8	10	19	13	29	12	75	73	21	99	7
712411	3	23	14	9	13	6	13	18	5	24	18	43	19	23	6	17	0	8	26	31	13	9	12	18	29	18	14	25	26	8	10	8	19	25	43	22	27	18	14	43	22	6	8	20	5	31	20	23	30	5
1805478	2	16	7	14	27	11	28	18	22	13	43	80	49	58	27	22	0	94	111	40	9	13	13	4	15	6	15	25	47	35	6	5	18	83	32	71	37	66	21	5	17	24	17	212	19	85	45	16	187	10
133926	2	5	3	7	9	8	10	7	14	10	28	46	25	33	9	10	3	26	46	17	0	4	5	2	7	12	7	19	38	21	9	4	5	22	18	27	14	28	10	3	8	5	13	14	17	51	30	15	54	12
604330	6	20	8	22	25	13	20	32	24	7	55	45	76	84	42	32	6	41	65	21	30	13	8	6	21	28	17	58	64	31	19	5	17	22	32	74	19	51	19	3	31	25	22	20	21	50	39	33	81	16
2779519	5	11	14	6	15	13	10	12	11	2	28	74	38	32	9	7	3	62	102	29	17	11	11	8	0	8	3	26	31	29	8	4	13	28	22	54	10	46	7	5	9	12	15	43	9	69	52	13	68	0
1335613	59	49	42	82	25	30	6	40	42	13	71	16	120	47	383	382	79	39	36	379	40	338	16	36	32	3	173	77	140	18	283	7	21	234	63	72	22	28	68	28	38	339	32	53	43	65	158	34	138	461
471189	25	97	35	754	82	110	12	25	42	18	181	22	111	134	182	84	12	64	42	106	90	108	48	43	52	199	35	55	142	18	36	23	54	186	95	118	73	86	66	24	97	80	48	74	58	94	75	42	192	64
446660	73	112	1233	357	497	23	11	189	312	20	511	27	935	574	720	132	0	16	112	10	532	2159	15	8	210	9	9	253	549	682	1828	20	25	198	2263	67	26	241	179	12	72	13	181	51	195	123	373	821	211	7
2707299	10	47	112	34	305	7	0	30	60	0	216	9	126	441	90	73	3	17	28	5	73	190	21	10	63	11	6	46	194	83	183	4	14	21	292	59	24	41	82	4	33	13	33	25	24	49	122	90	79	7
84112	59	641	46	588	116	251	99	597	104	46	949	2945	160	252	1366	744	1743	2138	106	2848	172	1821	209	1179	2084	3493	2641	430	355	226	2710	18	156	1794	342	409	264	131	92	1971	216	1732	195	253	364	359	230	305	301	2838
502558	9	29	30	22	11	8	12	3	53	9	100	11	41	26	53	63	6	11	24	5	14	8	21	4	19	7	5	25	60	10	3	6	18	19	44	45	20	23	12	10	21	8	32	43	10	60	16	43	67	5
2690837	3	48	46	91	33	11	12	21	37	14	62	27	75	62	63	43	15	34	18	13	24	61	27	12	45	19	20	26	45	19	76	8	28	33	96	54	20	30	39	35	39	38	25	899	106	95	46	71	126	62
84110	21	34	41	47	28	14	9	4	20	5	55	29	69	58	41	35	0	15	33	20	48	26	56	23	27	16	12	58	71	18	8	16	26	39	68	35	81	52	20	6	20	25	36	19	20	86	55	33	85	25
1907662	16	17	16	87	17	31	11	6	81	3	87	6	143	163	111	121	6	12	65	53	32	73	44	26	84	20	8	80	95	95	36	9	22	146	101	200	76	63	36	13	43	111	101	67	47	90	28	57	113	6
1531429	11	19	25	12	33	15	6	5	27	2	30	14	55	25	28	27	3	17	21	6	11	5	24	10	20	10	2	22	71	21	4	4	16	16	45	38	25	26	35	6	16	8	29	37	17	44	43	28	167	11
79604	6	19	18	21	10	7	7	2	19	10	20	16	48	26	29	26	3	6	24	8	12	9	17	5	17	15	3	14	48	20	8	10	15	14	26	28	26	18	29	8	31	10	28	19	25	46	26	7	81	2
2682776	5	30	15	11	14	7	8	0	28	13	38	13	45	59	42	34	0	9	28	8	16	13	18	4	25	21	7	25	62	7	6	4	18	11	36	60	24	28	27	11	17	9	29	29	18	58	24	19	87	4
1870985	4	51	24	17	16	14	7	19	40	15	60	23	67	60	65	61	4	11	32	15	26	13	31	17	38	12	3	21	66	12	5	7	32	5	85	75	19	41	36	20	39	30	38	59	33	78	47	49	120	5
46506	63693	2776	2756	47510	12092	1709	215	529	11190	94980	5795	185	1208	1797	17290	4213	25632	2174	4537	71977	3457	4158	29450	15394	6952	3725	25680	23348	1138	629	27207	810	1419	32539	25330	407	5521	806	1110	25629	2355	6789	163	11468	19183	1013	18670	22272	4520	4848
28111	16744	495	276	11993	923	113	74	237	3238	3596	3413	17562	1281	2250	229	1019	5866	411	343	758	1831	1015	2560	2835	4491	725	3796	3634	1370	606	1670	441	454	3968	399	12427	7253	1881	839	3212	663	764	159	4934	2362	417	1569	1902	454	963
820	17102	2688	2471	21791	6690	1548	854	1625	13620	9794	8177	43835	5219	7474	69721	5859	31635	25109	1731	30798	2366	92591	17225	4164	7082	3663	30644	10895	1852	2448	41494	1125	1758	93161	29286	27292	14028	3290	1605	17070	8061	23977	1041	159010	67527	8301	9029	12861	11686	5724
2528203	1517	181	56	1297	533	171	109	56	954	1423	224	817	116	4425	1298	394	1511	1491	150	1894	175	3421	5996	401	1480	156	1883	1641	88	76	1206	228	383	1688	1327	1049	683	129	173	921	220	1419	57	4481	2156	262	722	948	345	1204
2755405	1115	470	50	436	459	142	0	31	508	423	399	428	214	3357	891	303	910	381	110	959	54	1376	613	240	610	213	1365	388	34	124	1282	127	141	1326	655	678	822	169	118	536	218	507	16	1553	1292	225	165	476	119	315
2763022	294	183	857	222	419	204	129	137	138	411	94	52	191	151	2953	254	1113	254	133	292	379	584	2979	447	599	348	597	530	499	471	12503	40	270	268	106	239	428	183	171	19993	608	154	261	848	124	84	162	876	289	422
556259	285	349	319	226	726	66	25	291	191	247	94	25	150	112	946	244	954	444	85	298	71	520	297	201	309	84	477	472	279	148	11110	19	409	193	59	100	170	182	270	10413	171	97	65	865	129	90	133	863	150	717
2785531	851	119	77	766	203	92	0	0	356	309	141	649	130	3286	1614	734	1649	1237	22	1312	187	1859	657	257	296	143	681	1153	76	37	937	43	124	1146	601	617	1421	66	98	404	223	12567	46	4237	1223	466	228	533	448	969
2847299	693	1574	991	357	369	732	3370	1737	112	472	1907	807	534	264	769	814	647	904	488	3502	769	968	695	1161	1307	631	460	783	411	1262	488	669	2290	513	369	797	507	2063	2244	1989	2010	194	1166	1750	295	926	606	707	505	234
2709390	14	57	22	85	162	0	0	143	19	89	11	110	22	26	22	63	167	35	10	98	11	108	52	72	50	43	37	27	271	20	94	6	29	28	48	148	84	0	15	37	71	61	16	93	106	11	18	17	6	24
371601	5703	4933	3537	2924	2537	3292	5192	7267	1085	3560	7530	1087	3503	3730	7930	2828	11910	3124	2794	3745	5376	8317	13675	6964	5024	5424	3260	6006	1992	7915	8134	1718	6044	5624	11140	6089	4620	6069	4664	43090	7674	2092	3375	36918	2029	3167	4849	4028	7844	9660
818	3693	5622	10171	26482	3580	4760	12652	12262	4481	12030	10271	2091	4911	1491	11464	8391	13991	15737	5403	5709	6417	7435	9821	9190	3663	4693	16550	6400	3630	9655	13512	2337	8348	9863	2401	2267	7408	6724	7126	14234	6536	5674	6350	74574	2845	4494	5870	6232	6130	5592
2650157	2888	1497	2461	2137	848	1513	379	605	2979	3436	529	40	314	1301	402	2527	17829	5714	668	1730	387	12549	1993	1672	2578	666	11561	1585	1085	369	845	144	556	2132	188	260	3145	359	548	9083	406	117	146	556	894	276	1202	10453	1103	2347
817	18852	8430	6213	33012	19092	6443	361	6156	12113	8945	11397	28359	4179	10022	15667	16572	15371	9832	5780	29942	3366	13448	39159	16172	20954	25726	42466	9403	9073	9001	2853	1350	1580	18132	13663	11007	39939	11597	6278	28336	9594	10217	4422	32618	12261	13543	7877	32754	10652	24398
674529	2451	509	539	1412	845	284	583	894	547	1995	532	515	1013	378	309	1047	2526	625	477	1465	484	1511	1700	691	1540	2786	1739	2664	261	472	700	155	839	896	496	287	1151	472	660	1927	766	283	400	832	606	388	713	835	801	1437
28116	3692	2445	3373	4505	10859	538	2977	5733	3178	4247	3741	6062	3200	1295	18383	3186	8608	4279	2062	4417	2922	6466	4797	7066	4367	2674	3528	7097	4035	1575	7830	627	2502	4582	2672	1978	2245	1771	4159	19238	4648	3172	2024	11088	1260	1644	2934	8874	1977	10708
291644	1669	3770	230	15031	3900	497	104	279	3805	2611	437	292	293	266	234	725	3716	683	189	893	251	539	3424	415	1233	631	6865	2027	86	168	1467	157	363	1860	2388	472	1642	468	1594	19795	378	1030	159	1101	6235	4819	243	777	5051	1263
329854	1127	336	220	9321	406	219	105	348	403	1646	681	52	338	117	4529	606	1150	230	115	662	292	924	1219	443	1421	296	874	1046	558	147	130	122	197	382	424	1296	609	340	561	272	241	36399	698	539	412	314	1403	551	413	552
47678	1066	10153	3557	10561	1546	1577	362	2879	1519	3396	1023	175	3710	3117	7475	11184	39400	4963	462	10642	3299	9341	7226	2505	8157	1397	8698	4032	7132	1158	9425	181	704	6617	4851	518	18892	690	2926	23373	4545	1942	673	554	27698	9865	2497	5732	4713	21490
291645	936	981	859	654	540	624	1293	709	248	1144	1040	1242	442	541	182	1217	1757	1371	454	723	443	705	1483	1249	1177	489	1087	1353	4198	727	156	395	1221	562	400	367	837	1155	696	561	1057	640	518	6669	308	403	437	909	1437	931
246787	701	647	253	19707	769	298	622	665	246	980	1179	821	297	571	723	642	953	8951	292	809	342	1639	6334	761	1887	883	1145	1110	687	258	634	151	426	494	604	7953	2352	1043	404	439	544	3262	278	680	590	397	538	678	17886	1021
290053	490	250	161	303	252	186	80	173	134	784	181	18	107	376	105	415	577	154	130	368	203	263	994	311	917	323	623	815	19	114	104	154	341	298	92	107	616	204	144	246	317	121	103	1130	269	163	160	2040	125	570
2715212	484	322	271	268	285	209	175	177	172	935	173	40	150	158	185	479	881	335	107	519	182	494	1224	205	771	326	935	942	531	172	346	116	322	300	146	103	669	210	207	1249	315	277	125	902	212	174	138	490	172	713
1796613	373	217	68	903	295	126	62	219	240	509	190	225	141	213	260	353	640	205	62	337	141	383	1248	140	611	438	553	509	107	98	297	140	169	423	169	116	517	95	200	1385	277	270	79	1320	289	131	186	398	213	548
28113	348	162	131	130	339	66	18	37	75	610	243	23	101	139	54	420	317	45	184	315	225	170	728	307	624	277	474	679	24	151	32	89	355	268	52	74	483	158	131	125	322	52	119	255	117	109	161	506	81	373
2650158	256	129	55	209	184	90	0	58	116	403	122	54	75	105	344	282	538	147	55	275	90	512	942	169	377	147	387	547	110	54	793	33	93	275	163	132	301	55	140	1705	156	89	65	1462	166	101	128	416	245	300
28119	256	191	177	137	176	108	107	228	89	625	379	43	124	111	63	333	305	292	130	279	211	156	822	406	664	338	502	770	25	152	45	79	395	185	64	85	392	216	173	102	284	55	136	255	188	285	139	415	78	427
2792859	957	207	240	1280	423	75	0	35	879	995	552	696	131	7178	2246	1669	1661	1102	127	1369	69	3229	3845	353	1179	594	1230	678	159	39	902	134	111	2562	626	1540	1242	189	85	944	275	1503	27	4854	2450	1154	505	1169	563	498
151276	95	96	74	64	46	31	174	185	15	118	34	3	115	21	3	143	262	68	58	99	60	63	267	212	238	126	135	271	2	37	7	48	88	87	21	77	118	160	328	69	33	24	155	60	22	66	34	76	24	201
821	70175	24818	11134	40574	2822	5934	13923	7192	22204	121306	4311	130458	8554	15372	116708	4593	87658	45272	3632	27863	2880	84552	36800	51187	22269	12349	91202	25227	34365	12451	26371	6185	13223	118752	12052	17939	83196	14020	8408	108895	11899	30115	6127	6436	10870	2799	27157	92867	19073	15554
387090	2523	1387	2818	1523	4150	750	3928	3108	860	11550	2030	7031	1713	236	200	5006	5787	41005	1326	5098	1372	1000	13003	1466	7803	3941	7387	12143	280	1397	183	891	3229	832	399	617	14055	2252	2154	2656	3330	324	1337	199	278	1438	19977	404	328	8225
357276	2548	4255	1171	21895	32257	12449	1517	8593	33253	5201	11579	18047	1670	12432	2939	26373	27484	12103	4363	16867	2502	21697	25410	2271	3148	1403	3790	3652	1760	1829	103790	2132	1331	20734	3088	1589	4620	1620	3076	25370	7225	5654	1161	4473	64035	26480	1634	9745	1133	37106
376805	1134	576	354	553	1280	325	418	343	457	3267	468	215	328	347	549	1541	2243	443	266	1324	517	460	3930	394	3708	1225	2358	3862	116	362	79	184	852	594	240	143	1616	510	455	1230	751	177	266	276	490	472	509	466	279	1913
310298	1721	529	0	3298	207	86	0	0	133	4800	759	0	171	195	0	2580	15717	257	75	78	1239	91	10525	387	10264	680	98	13692	0	288	0	297	0	346	238	0	1844	95	109	7813	3328	894	0	0	102	0	839	60	147	1103
823	11014	9216	1751	20402	6840	2319	2402	2905	5845	13254	1805	10825	2281	6318	8927	5395	11440	5690	2196	19022	7022	16251	14662	13067	11789	12390	10975	8528	3430	2468	9418	1435	2231	23789	4512	9981	18454	4136	1014	13157	1716	1957	670	892	7615	4109	3486	4189	12915	5831
46503	3683	1462	1387	736	1572	1001	198	217	618	2476	2146	557	2633	4830	6439	2211	3939	265	1453	1102	5635	1213	3129	2815	2381	3048	562	2388	630	748	260	406	531	5747	3981	1853	2823	1437	1579	132	1003	1183	709	216	2692	1548	1226	3625	3829	4603
328812	457	425	163	1225	161	223	145	176	164	474	127	1169	155	58	42	312	935	148	90	1587	234	309	557	230	354	421	335	544	359	135	332	75	240	268	226	326	308	216	146	322	203	72	115	3034	138	1211	421	347	248	274
387661	373	122	67	730	3105	45	41	1560	2047	469	213	175	147	94	630	554	403	1539	131	8284	404	112	864	832	932	219	2788	545	371	242	257	44	127	284	508	1638	198	327	623	229	252	443	56	181	311	201	1630	88	342	547
2025876	293	307	940	283	107	23	0	39	63	1717	35	81	197	211	4993	34	71	28	74	499	31	1174	216	91	221	28085	446	895	58	0	332	0	162	2108	150	24	232	44	296	125	76	478	0	360	533	112	76	73	471	272
2685834	162	108	60	1427	102	136	235	78	73	372	114	26	385	76	54	189	1293	81	232	223	107	530	532	126	1109	142	560	1217	53	75	150	76	167	321	68	325	506	130	92	196	104	149	59	1043	44	181	53	99	863	184
1217282	126	94	65	164	89	86	341	137	50	250	52	59	78	38	64	162	345	51	44	181	80	108	296	115	209	124	215	270	28	50	183	18	96	118	57	69	231	106	79	147	112	39	34	914	70	88	73	68	197	199
28112	66	20	84	21	35	30	0	57	12	49	64	2	47	15	9	53	36	8	39	36	73	16	77	66	67	51	38	63	10	69	6	33	61	45	18	28	59	62	50	15	56	9	40	18	13	23	40	46	22	51
712710	64	16	56	18	0	12	0	30	5	31	77	3	37	35	15	19	14	15	45	19	92	12	50	127	7	111	20	52	18	82	19	12	69	49	15	28	52	58	36	2	73	5	34	6	6	27	62	26	35	13
2691580	335	58	581	14	45	398	130	505	16	39	639	0	544	28	12	52	32	16	575	38	1065	15	371	1032	305	803	54	717	22	766	8	177	707	644	16	314	870	615	398	10	1129	10	496	4	9	114	555	185	151	72
2913621	317	105	543	22	82	429	34	573	12	147	713	2	313	22	5	61	62	32	546	78	983	28	284	942	484	534	116	540	17	615	19	142	660	519	28	274	661	446	421	31	796	9	684	14	15	113	452	228	112	86
2937774	305	128	637	20	55	676	220	702	9	94	737	2	383	14	5	39	40	56	662	35	1003	18	195	887	416	704	63	535	8	732	2	142	733	533	26	368	646	542	442	14	892	4	777	6	6	135	565	222	111	173
712471	249	29	285	13	12	274	22	334	8	31	378	5	249	37	12	27	34	7	319	17	515	8	156	570	164	360	31	378	12	407	9	101	414	359	24	191	472	291	230	8	521	5	346	4	7	51	343	136	101	42
2913616	262	94	535	22	78	602	87	766	10	98	628	0	482	10	0	62	64	62	686	69	1194	22	291	961	426	649	95	637	9	859	7	179	786	506	25	381	749	605	456	19	1193	5	781	13	6	108	534	250	102	79
2913620	200	106	624	22	88	515	210	749	18	75	658	2	369	11	0	54	56	67	537	50	963	20	213	684	594	435	64	363	15	622	6	129	476	372	27	310	458	478	466	26	894	8	629	10	10	188	384	340	79	124
652716	101	43	142	10	0	138	54	247	0	7	205	0	182	9	0	37	40	34	226	14	247	4	62	254	166	219	6	173	7	231	5	58	197	171	12	123	255	118	121	15	202	11	254	3	3	45	126	84	31	46
28131	1058	1284	790	66	118	634	3162	3005	41	124	1292	21	945	26	25	97	145	99	1077	79	1771	40	495	1490	710	1081	138	948	25	1607	148	249	3386	739	61	692	898	997	1901	86	1884	32	1712	19	54	577	1522	369	180	1395
28132	650	708	1951	96	770	2136	2123	3908	41	137	1781	6	1036	24	16	152	268	455	2059	143	3167	70	489	2029	2601	1424	174	991	47	1922	9	544	1825	770	150	1062	1293	1645	1783	111	2103	43	2805	30	29	573	946	1339	203	468
839	443	362	1292	16	213	1104	437	1274	26	179	1190	16	782	25	13	90	53	126	1049	86	1902	42	308	1444	913	873	135	837	32	1255	12	322	1342	685	91	517	1030	834	924	29	1565	16	1333	14	15	422	777	761	171	255
2913614	370	166	895	21	121	1085	239	987	29	110	931	0	512	18	8	88	61	79	839	59	1619	29	308	1240	664	675	80	656	20	1053	5	288	904	572	47	484	642	727	698	41	1385	10	1059	25	12	264	627	452	169	134
77095	358	412	931	40	403	1650	1559	2200	20	78	872	7	534	22	11	94	116	808	1158	67	1504	30	288	1161	1288	719	70	359	89	1004	17	231	877	774	43	380	388	1083	1175	50	1279	13	1597	9	14	442	508	397	89	652
52227	355	223	793	27	736	812	293	1092	14	48	1010	12	807	63	4	107	56	113	1067	36	1750	16	278	1727	573	1140	64	863	40	1290	21	257	1250	786	56	606	1045	963	778	15	1841	10	917	11	6	222	905	361	175	231
589436	329	81	599	66	55	436	134	750	42	127	739	12	359	37	17	46	43	57	503	68	938	45	205	854	585	550	118	702	7	547	2	140	2621	530	32	318	1743	463	468	73	932	6	598	7	0	169	393	302	101	93
28129	318	243	819	19	293	1031	403	2348	12	118	914	6	764	23	9	59	61	158	992	58	1519	14	240	1067	563	1162	92	577	41	1134	8	291	1019	544	50	502	733	884	575	30	1388	8	869	16	5	205	786	535	237	306
28133	375	80	368	33	150	299	241	480	11	61	415	0	394	25	11	96	126	62	417	66	696	17	165	466	338	848	51	393	6	529	12	145	323	313	47	332	336	711	308	60	820	11	603	18	13	117	413	177	108	45
1177574	250	422	1650	26	404	677	1523	2655	17	92	1391	4	643	5	6	302	68	559	998	43	1596	19	195	1081	631	680	42	504	61	1036	13	516	626	373	84	480	489	720	1326	14	1725	2	1403	3	14	313	1423	458	254	309
28125	197	544	610	13	395	676	229	1219	14	157	597	7	339	6	10	26	35	250	617	28	940	7	142	689	1852	599	28	229	19	627	5	105	864	229	11	329	286	337	476	17	574	5	675	4	16	254	298	668	100	72
28135	185	47	521	19	35	490	77	581	0	74	447	0	272	14	9	34	41	47	538	40	860	8	151	519	611	341	31	296	13	489	3	106	464	278	26	302	390	468	414	30	995	4	651	12	6	146	335	274	73	61
282402	213	27	597	6	23	448	11	599	11	46	621	0	555	26	8	26	35	19	557	22	862	6	190	901	293	489	40	510	9	699	8	189	1832	502	38	311	561	454	361	9	1005	2	421	9	5	129	438	239	102	31
28128	159	182	391	82	112	379	214	1706	5	113	506	5	575	15	23	103	48	98	648	92	774	13	139	593	353	1082	31	587	4	1060	242	159	903	396	30	245	339	366	536	17	2949	7	906	10	16	188	1040	146	48	179
2801997	132	130	369	8	150	970	153	797	9	58	446	15	196	10	4	58	55	36	534	40	691	9	118	404	571	277	33	220	2	355	13	108	394	158	28	248	223	273	356	27	573	6	737	9	10	189	200	229	38	88
470565	137	270	336	6	127	176	143	471	16	34	280	4	173	3	2	42	31	125	250	18	392	2	74	382	394	165	17	183	11	284	4	42	522	177	16	177	192	346	253	10	363	2	406	6	6	80	162	154	47	210
28137	105	60	260	23	27	469	160	850	11	40	381	0	211	10	0	41	179	14	287	22	1092	18	125	329	289	161	14	177	4	374	3	59	268	109	12	147	408	189	276	23	445	3	345	5	13	81	159	174	45	25
589437	94	57	169	13	60	231	121	618	7	35	222	6	102	0	6	19	37	7	249	26	472	10	72	281	353	241	31	143	4	253	6	50	181	84	15	157	172	213	224	22	331	5	272	3	5	102	137	153	27	60
454154	2577	1149	2890	7080	7265	790	324	1017	1364	428	1280	45	2639	2157	18	4317	2715	361	1644	147	2487	985	1707	1461	275	2528	6419	6082	24	1254	28	503	1531	14325	1804	4002	5859	4010	1339	56	1923	51	846	46	10291	352	363	2045	2167	5835
454155	793	313	219	1596	1389	176	31	1060	268	358	205	23	337	110	736	878	332	238	365	350	534	364	593	239	393	449	1738	1185	51	110	72	117	642	1830	483	794	868	782	162	226	325	54	181	57	959	133	243	243	290	860
165179	1192	182742	217590	162	227694	153730	366592	209786	100	207	57758	52	85121	4037	57	31871	213	140159	90014	123	118087	52	675	122661	59843	58679	147	1559	8698	123556	36	24212	212975	2761	4996	32484	1784	105932	156984	97	20791	38	83334	21	26	84000	5701	56812	2649	115677
28127	616	944	716	55	95	570	2325	2338	10	181	1472	17	720	34	17	101	311	544	1134	58	1959	26	379	1513	658	1241	62	586	8	1689	7	132	1686	508	22	454	1104	1529	975	46	1456	14	936	43	43	284	388	229	269	202
76123	148	70	211	20	12	137	109	328	12	62	282	5	136	5	3	35	44	5	239	41	480	9	150	340	314	227	24	287	7	271	6	79	247	243	20	195	352	171	215	15	499	2	268	7	5	63	221	153	49	59
2133944	286	20	135	26	36	91	0	127	26	52	328	0	86	16	12	22	48	17	240	36	199	25	141	411	96	486	91	226	11	170	14	137	363	158	12	98	250	228	84	33	215	10	130	12	3	31	164	43	34	53
214856	1370	554	441	3457	2157	424	418	759	590	463	567	10	314	10672	1237	1739	786	4398	442	6549	760	279	1078	1386	2813	468	1038	329	1042	745	707	128	285	162	916	384	343	509	510	299	856	2146	464	461	587	1847	1138	4110	1283	909
2585118	1045	418	596	1358	45	203	31	134	859	59	2016	14	455	1281	2100	3113	1236	786	418	2340	86	183	609	276	443	412	919	310	1542	448	2314	16	122	167	7243	1817	203	362	868	337	344	3886	329	2136	966	1418	805	25	8975	50
328814	767	2052	107	3052	13	384	8	69	629	64	997	57	1275	5272	3161	5679	4673	3582	476	1805	307	556	3424	868	227	190	5232	418	945	352	4681	55	151	45	8274	2754	452	358	1046	29	285	290	792	231	198	2133	1599	42	2938	16
2364787	480	2610	1467	500	102	925	4554	4255	117	82	2152	5	698	381	467	646	196	1246	834	716	838	78	347	1765	178	163	272	983	482	2388	454	448	3639	215	216	449	245	3325	1941	8	997	156	1084	214	384	878	293	238	641	226
328813	409	471	666	5683	93	79	21	59	3287	312	2880	21	630	1824	1224	4082	1308	1109	81	1885	88	421	1751	312	2518	87	837	305	8419	119	616	144	101	1675	1825	1474	903	571	134	4596	139	1312	430	326	7643	5572	275	564	50117	429
1288121	192	251	300	542	32	75	0	99	198	16	340	137	110	1640	930	489	477	506	148	876	162	882	494	166	209	72	394	92	720	212	558	13	103	62	510	478	102	291	109	23	88	764	684	241	449	507	167	113	820	48
626932	172	435	1668	190	218	688	265	6985	59	40	1052	0	102	122	97	313	93	694	987	227	59	81	158	645	71	335	125	57	1886	384	89	240	155	47	137	113	95	1249	342	384	2151	192	852	54	48	3843	590	82	1432	1319
2662363	158	82	32	278	34	40	11	32	76	68	65	0	178	332	127	591	87	524	19	184	37	147	143	42	49	43	101	54	1466	25	66	10	17	63	57	55	45	69	18	30	51	41	86	50	109	100	49	56	1390	38
1470347	133	94	144	433	147	26	0	81	187	12	336	0	17	1148	204	311	568	155	119	221	56	271	244	303	60	109	116	66	174	174	111	6	38	178	1800	22	104	54	512	10	48	305	253	937	38	193	52	105	840	5
538949	85	221	114	312	41	106	79	57	144	105	203	6	30	465	535	440	291	455	41	697	81	67	331	93	129	83	328	144	326	53	240	17	119	60	204	58	104	81	46	10	68	141	42	154	106	358	69	12	392	31
2585119	85	202	160	1100	568	35	4	21	251	49	266	9	687	586	627	531	383	490	33	711	78	1831	352	117	198	40	302	137	980	60	321	12	48	199	491	93	113	89	23	54	77	169	13	264	830	1262	106	23	477	28
28118	3236	1185	82	1858	652	108	133	578	1645	157	2705	264	803	2030	2775	3326	4032	2534	800	631	1749	1287	1953	1235	476	565	2865	964	152	1171	68	71	1165	1124	1586	969	886	3372	967	61	758	525	1475	673	57	1697	2534	1950	3756	1868
2093856	1025	184	120	1771	369	40	43	1621	220	87	267	7	927	80	112	245	311	380	303	508	470	228	423	248	303	1354	466	444	282	1891	212	229	390	674	103	512	1146	552	1788	43	1331	102	793	53	1465	779	1092	294	324	479
544645	271	936	38	2691	34	129	42	95	594	185	795	96	766	1017	20	2031	837	1125	563	1423	322	1323	360	1264	585	224	1124	1063	1348	594	1052	33	205	871	1945	327	974	1234	401	47	123	809	857	7	25	2600	217	2278	836	1185
2530390	151	46	131	303	42	75	25	148	24	147	186	34	72	64	29	96	49	23	149	43	154	10	213	224	270	120	66	142	196	178	124	35	137	96	151	102	157	152	109	4	115	3	112	8	10	102	229	83	36	90
1796646	106	45	44	684	23	18	50	60	10	76	119	5	46	22	29	63	79	11	63	34	125	13	147	236	43	250	54	127	79	116	103	23	122	65	8	83	159	88	78	13	123	12	70	5	16	27	222	22	20	53
2606626	110	50	376	47	39	151	393	588	26	13	295	3	139	17	7	48	33	50	301	8	296	35	156	776	291	482	21	192	60	457	43	63	329	250	13	202	239	422	216	12	388	3	255	7	4	93	347	139	81	30
2518971	101	29	84	125	62	54	4	92	14	109	99	36	36	24	16	129	100	100	98	61	101	37	135	149	88	148	71	131	142	87	59	43	125	70	14	74	139	100	72	23	87	15	80	4	66	65	230	35	16	69
397865	250	75	193	424	263	132	5	86	100	554	201	7	91	141	741	334	227	396	129	700	172	246	568	231	188	266	454	643	61	114	364	47	154	220	130	105	287	180	133	72	220	84	140	96	563	123	192	103	174	936
1099853	92	16	98	381	23	8	7	125	445	120	30	156	25	179	143	606	183	137	18	55	40	2414	179	47	218	100	133	276	566	30	128	7	54	165	163	13	65	28	45	339	68	40	21	15	310	27	75	37	60	1060
1501392	74	111	14	286	139	133	0	19	133	224	54	34	60	169	80	131	299	56	13	178	29	757	483	27	238	119	806	192	24	27	28	30	63	118	251	29	88	47	55	80	165	27	18	42	223	650	43	28	69	265
837	123	45	117	28	31	56	236	80	25	63	444	0	67	12	21	48	74	38	53	42	100	43	95	155	158	74	57	108	27	90	16	52	75	63	48	19	79	79	59	52	164	11	46	9	44	33	67	26	46	237
36874	35	4	20	8	14	3	0	11	4	47	40	0	17	2	0	20	23	7	23	33	36	4	50	45	20	35	26	57	8	25	15	6	46	21	6	13	28	27	17	7	36	0	19	2	2	13	22	10	12	14
712435	26	16	62	10	2	44	5	20	3	10	41	0	43	5	5	9	11	7	53	5	80	0	23	67	15	65	6	56	12	45	7	11	64	40	4	32	70	49	37	0	56	5	51	3	3	26	20	18	13	8
322095	19	18	22	294	27	56	32	65	7	32	36	2	37	9	10	19	51	28	29	4	17	12	37	45	28	83	19	28	9	11	7	11	29	13	23	11	24	22	29	13	24	5	22	7	12	14	26	10	17	22
28123	19	9	41	30	5	2	0	20	2	30	46	0	25	9	6	9	21	3	35	29	40	8	31	49	18	78	10	22	5	33	2	8	29	26	14	17	87	67	13	2	52	5	30	5	9	5	21	12	7	13
1642646	163	105	17	68	80	21	59	227	23	143	61	28	38	11	25	69	26	114	228	76	332	37	131	143	83	366	217	158	33	295	45	13	266	49	16	110	109	85	53	76	246	14	192	69	61	25	62	33	27	126
1642647	42	26	29	18	25	9	4	17	12	72	28	0	10	0	8	41	42	11	23	26	43	11	85	31	86	66	54	73	4	24	12	11	24	12	4	19	37	25	29	21	24	4	29	17	10	34	14	15	10	46
2829812	33	23	17	14	14	0	225	17	8	44	26	5	16	4	3	24	45	17	11	15	39	16	75	23	59	24	35	68	2	9	5	13	25	26	9	8	42	19	19	9	17	6	14	2	5	10	14	18	8	25
2714926	25	53	0	16	12	8	4	36	5	0	0	0	20	4	11	25	20	52	0	0	11	7	31	28	37	44	21	19	0	36	5	0	71	4	0	10	22	27	45	14	22	0	11	5	0	9	8	12	0	64
2714927	10	12	49	11	30	38	0	19	4	77	28	2	9	4	0	20	52	0	9	38	23	14	43	8	40	23	31	63	6	10	2	11	17	6	10	6	10	6	9	22	5	6	23	15	5	11	8	16	21	44
185300	13	18	3	22	16	10	48	5	8	41	28	2	8	10	4	28	75	13	11	25	18	17	83	31	71	33	60	78	2	8	5	11	21	17	10	20	47	17	18	26	18	3	19	9	9	12	13	12	14	38
3003261	7	6	22	0	24	2	0	35	5	27	25	0	7	0	2	16	9	3	0	23	13	3	26	19	84	26	16	8	0	4	0	6	24	2	4	2	10	10	36	3	10	2	16	4	4	26	0	28	2	23
1316596	13	20	23	0	37	0	65	53	7	51	21	0	25	0	0	18	3	27	10	11	46	8	32	43	36	25	32	25	2	20	4	0	56	14	9	0	29	22	40	4	15	0	17	6	6	12	13	7	16	49
2545799	6	13	42	0	45	59	11	74	0	31	22	0	21	0	0	11	3	8	2	9	20	3	10	25	54	16	22	8	0	13	0	0	25	0	8	4	9	14	0	6	13	0	8	0	5	25	0	25	0	58
253	45	16	16	16	18	27	0	6	35	32	22	24	22	0	14	27	31	12	17	22	23	20	64	29	60	27	43	122	7	24	9	10	29	10	14	11	10	10	18	28	25	12	12	12	5	19	15	10	19	28
2910158	51	32	81	31	36	42	36	32	36	39	33	35	30	35	36	49	37	36	38	38	35	40	41	47	38	40	36	50	39	42	31	32	59	44	37	37	37	43	53	37	39	32	52	42	35	33	45	42	33	36
2859768	7	27	49	5	11	46	51	12	12	35	5	0	14	4	2	20	24	31	5	17	0	5	35	0	6	14	16	25	6	5	0	3	26	5	3	0	8	37	35	0	8	3	7	0	4	8	0	9	6	39
1538644	31	7	45	7	0	0	9	8	5	30	16	0	18	4	3	20	46	10	4	6	32	10	26	18	45	17	12	59	6	6	7	4	6	16	3	4	38	7	28	22	7	3	23	10	6	21	25	18	3	14
28454	7	27	54	5	12	10	0	14	7	3	63	2	19	0	0	10	12	0	32	8	25	3	14	55	4	11	14	7	2	9	8	9	52	6	8	0	14	18	24	3	16	5	53	0	5	27	0	2	16	78
2027860	26	56	19	13	29	36	85	26	16	20	22	3	0	0	12	30	15	24	12	28	20	7	51	46	44	30	18	38	11	12	9	3	62	12	8	24	16	36	37	4	23	0	25	5	15	0	12	7	0	46
573	746	88	10450	152	61	1159	19407	2649	428	202	837	9474	23747	43	1566	979	1309	130	2867	5781	12696	98	546	53	574	4584	29	0	6475	3040	1496	212452	2122	52	1449	30488	275	2103	361	20	4945	11284	899	16312	133	835	25284	522	274	1033
1463165	15	8	1217	32	11	70	225	79	23	31	26	281	14885	11	52	20	351	0	538	3512	1228	5	28	25	62	111	12	37	414	248	318	33018	712	7	52	928	48	58	647	5	1435	225	12	10688	0	134	12160	244	77	164
244366	7	6	1851	74	4	19	90	77	18	7	316	42	2147	8	19	17	83	0	86	1581	731	18	9	8	168	53	7	9	300	1450	663	17260	711	6	57	1387	24	65	31	0	100	84	10	318	8	147	594	18	5	53
1134687	4	23	51	17	0	8	28	0	16	0	85	35	113	6	7	8	3	4	37	33	101	9	19	14	4	49	0	0	70	94	20	935	15	23	24	155	11	362	22	22	133	51	14	74	9	38	118	16	32	0
548	2	0	100	2	3	9	24	10	6	2	15	29	133	2	21	4	12	6	44	40	243	11	7	4	10	58	0	3	527	24	11	6332	55	2	17	145	13	11	7	2	49	51	6	56	4	8	109	4	9	6
562	121	96	4378	89	13489	11417	3102	1395	834	815	2392	59945	805	593	4472	1378	142	1975	6325	7473	1617	9435	22381	1073	422	111250	3320	245	8683	2838	4696	11845	4812	426	136	25713	40426	1092	311	82	9783	54344	253	740	558	4724	6186	1576	621	1014
208962	9	3	20	4	36	29	5	4	7	0	9	115	6	7	12	5	2	13	24	17	4	32	62	3	11	309	9	6	49	23	17	74	26	2	6	115	132	7	34	3	29	133	2	2	3	6	22	9	4	2
550	15	12	300	19	11	51	19	29	76	194	154	60	6269	10	176	24	56	13	1252	277	509	13	18	17	84	66	9	29	203	1505	81	18712	163	57	438	489	54	1427	18	25	199	71	9	289	97	79	3715	52	21	190
61645	13	0	54	16	21	41	4	0	21	9	32	90	48	20	10	19	7	6	52	5	39	9	15	8	106	38	0	44	63	76	72	1105	71	0	9	87	3	19	16	8	32	58	15	43	11	17	225	21	37	5
158836	53	79	348	51	14	341	52	73	25	0	219	334	356	50	58	90	75	19	306	37	388	34	109	13	395	218	41	61	780	1285	73	16094	430	0	103	586	175	142	16	22	855	62	96	161	0	34	894	36	58	47
546	21	56	256	18	11	68	21	35	45	0	20	40	90	38	40	47	5	22	107	38	335	13	70	0	28	202	14	19	314	43	931	1242	56	19	65	245	74	28	0	0	62	93	20	36	30	22	108	0	12	7
28901	8	22	90	23	36	176	46	24	71	3	93	125	360	194	35	26	23	48	67	47	174	45	323	132	80	1121	36	39	193	50	32	1163	84	57	45	210	223	78	33	41	176	339	25	135	13	12	236	32	79	64
615	15	0	6	25	8	22	10	10	22	0	31	0	12	30	13	16	12	5	23	0	28	14	7	22	18	12	13	10	42	14	16	66	10	23	33	22	19	33	6	7	14	19	0	19	27	23	43	15	39	13
303	39	60	13	66	11	34	96	24	48	7	30	0	21	34	18	29	22	8	23	42	77	42	21	22	85	27	31	25	75	19	22	22	19	16	111	38	342	52	61	12	23	34	42	43	37	58	45	31	121	16
294	24	7	19	6	6	10	2	5	28	14	28	16	14	16	17	13	9	9	13	18	19	29	30	19	16	14	6	27	25	15	23	2	18	4	27	11	51	28	25	7	7	10	21	17	23	23	16	16	35	10
287	22	0	34	54	65	49	8	13	55	44	223	40	176	192	40	18	45	20	40	44	53	92	145	185	21	23	23	47	128	294	17	40	33	22	34	38	87	52	71	58	33	25	58	0	26	72	61	230	179	34
729	216	70	649	8	79	670	1482	49	310	2426	109	39	934	7	12	16	39	73	110	5	4526	10	977	12	3068	9737	400	19	70	2037	432	1683	78	15	8	19	19	45	1617	12	205	18	35	1275	19	82	524	54	8	176
470	58	58	0	35	10	21	0	0	22	0	17	13	0	23	9	47	21	19	21	21	23	17	52	9	23	44	19	41	15	13	0	10	0	0	11	34	25	73	17	13	47	7	11	0	31	26	24	0	8	21
465797	13	19	34	18	24	18	47	34	40	38	16	19	26	15	30	22	0	18	31	11	21	18	20	25	19	9	20	21	11	16	44	10	37	29	29	20	29	12	21	31	17	20	21	28	20	22	16	20	31	29
40324	18	21	6	23	20	10	9	0	23	14	26	0	39	43	21	41	10	21	30	33	21	25	36	33	32	38	26	20	56	11	17	13	33	20	25	41	374	20	25	27	18	26	27	18	31	24	34	35	34	22
654	13	11	28	24	14	21	0	5	6	8	30	15	21	7	28	8	15	7	56	10	12	11	0	17	20	9	7	13	9	26	10	1163	5	0	23	13	216	27	8	8	56	4	6	9	5	21	11	7	42	0
2494234	273	409	413	209	16	293	307	8	212	1808	66	0	271	1930	4	5	46	96	164	497	774	126	1438	445	218	7	11982	488	0	19	0	16	1151	79	109	29	3235	200	1791	720	163	830	16	29	15	295	9	16	96	12
2584944	122	168	171	81	0	109	127	8	89	414	37	9	119	10	0	0	26	62	67	200	311	88	453	182	66	7	27	184	14	18	3	4	96	44	43	2561	135	93	6	267	72	2	30	7	12	118	9	11	74	0
40545	51	66	70	23	8	50	675	0	245	134	23	4940	34	5	4	3921	3969	53	33	629	169	66	176	113	23	3	7	319	7	13	6	2	32	1933	38	362	47	320	1005	108	436	0	3440	24	12	464	9	19	50	7
1852381	53	89	69	26	3	55	46	3	44	179	388	9	41	6	3	4	114	250	22	116	137	375	204	84	15	23	12	76	6	25	4889	0	44	25	111	141	111	531	0	130	28	4	5	21	17	69	5	17	293	5
1796652	4	10	13	212	2141	3	4	90	48	10	5	57	12	32	2	16	7	16	6	3	6	71	15	8	2	84	0	9	33	21	6	0	3	5	10	3	9	4	23	15	3	41	2	6	92	5	97	168	241	75
367825	52	54	50	52	49	50	48	36	59	68	52	46	55	51	48	45	57	55	54	61	59	57	65	57	52	52	41	59	58	45	44	44	50	49	54	51	50	57	62	58	53	48	49	53	52	57	46	45	70	40
80866	83	84	67	84	57	56	56	43	78	89	65	43	59	91	60	70	55	65	53	73	69	74	88	70	63	62	61	93	60	67	48	49	68	72	78	56	64	66	56	100	55	51	59	47	86	83	54	62	90	48
34073	19	14	27	17	6	7	9	11	17	28	45	3	30	42	6	15	5	18	16	16	18	16	22	33	16	10	10	39	47	11	7	2	33	18	26	14	33	29	9	14	11	16	22	8	20	25	37	18	62	7
945844	30	36	29	32	29	33	28	27	33	34	35	31	30	32	39	33	31	35	33	38	37	37	37	33	32	29	34	36	33	28	34	30	32	33	36	30	33	32	32	36	33	29	33	34	34	34	35	35	34	32
2728021	24	26	28	26	25	25	22	24	31	30	31	23	26	27	31	21	24	30	24	34	24	33	29	27	22	21	28	23	32	26	27	22	26	24	31	28	24	31	25	29	28	25	27	30	25	33	27	29	33	23
29581	27	19	27	23	25	27	25	33	28	45	26	22	29	22	22	24	21	27	27	27	31	32	43	26	33	22	29	30	30	26	24	20	21	23	24	27	31	28	20	31	27	24	26	32	24	30	29	22	36	24
1296669	45	47	46	48	45	42	44	40	46	55	39	38	46	46	42	40	43	52	44	46	55	55	52	48	47	43	41	50	40	45	40	41	46	42	43	42	44	43	37	50	47	43	41	48	44	48	41	47	53	40
76731	32	33	33	34	28	33	35	26	31	34	31	28	32	30	31	29	31	34	34	37	38	38	38	37	33	32	28	33	31	35	29	30	32	31	34	31	29	34	30	38	30	30	30	32	32	30	28	33	36	29
215580	21	26	30	23	19	21	19	18	23	33	21	11	24	22	21	20	14	28	22	32	35	23	28	25	23	24	15	23	18	23	19	13	19	22	24	19	24	21	18	31	18	20	17	21	23	18	17	23	34	15
2041385	61	71	61	80	64	66	59	61	70	68	80	56	69	77	72	70	57	72	69	70	78	71	61	63	59	66	70	70	88	64	69	67	63	61	76	76	61	63	65	67	68	69	64	71	67	78	63	74	76	66
135719	33	24	33	37	21	40	24	37	33	32	39	26	38	30	26	48	21	36	28	32	45	35	24	39	32	30	24	36	48	55	34	24	22	36	35	38	36	54	36	35	36	38	35	32	39	36	24	39	52	25
65958	14	14	3	24	8	13	0	3	33	5	24	0	37	37	63	8	2	13	45	14	17	6	11	8	14	5	245	14	80	10	12	3	0	4	37	15	7	3	13	12	4	27	13	0	25	16	9	16	9	11
850	1937	8	64	0	161	50	252	9	75	37255	32	0	3	0	26	3	3241	58	3	23	155	1576	9395	1913	52	878	8257	2662	5	0	5	4094	2315	5618	123	38	7745	79	22	0	693	101	8	4	272	4	2	12381	0	2
2663009	29	5	7	0	0	6	10	2	7	108	5	0	5	2	4	9	27	0	2	0	0	19	252	216	7	22	41	95	5	8	0	117	11	124	4	18	760	14	23	0	50	0	4	0	10	11	10	13	25	8
856	10	0	9	0	0	38	0	0	2	511	2	0	2	3	0	2	214	2	8	0	4	37	936	524	17	9	192	423	0	3	0	331	75	342	5	7	2674	5	0	0	104	0	7	89	32	2	2	44	5	38
861	9	4	18	11	10	57	0	0	17	1047	4	11	15	5	7	13	461	2	9	5	2	73	1693	1117	71	7	311	880	8	5	12	810	122	675	9	0	5778	12	7	7	249	13	8	15	61	11	12	119	4	8
2764326	8	0	3	3	2	13	0	0	2	505	2	2	5	0	0	7	167	0	8	0	0	57	945	610	26	7	135	354	2	2	2	353	72	388	3	0	2545	3	2	2	78	0	0	0	22	2	9	76	0	0
851	10	29	11	0	14	29	0	13	39	177	4	23	26	23	5	15	105	22	13	6	10	64	343	322	23	15	62	150	28	14	17	126	30	187	24	15	1166	21	26	9	58	28	28	15	52	13	19	32	22	0
188913	6	0	0	0	3	4	0	0	2	81	2	2	3	0	2	3	26	0	31	0	0	23	335	239	4	2	3239	53	7	0	0	73	8	138	0	0	655	264	3	0	15	5	6	0	5	2	3	38	5	0
901	699	56	11	86	85	7	4	55	1223	10	29	43	1344	2675	69	47	37	1588	1399	3348	1069	179	1136	2015	1021	15	100	1483	45	14	80	2	389	86	2457	49	1051	3693	12	54	22	30	16	15	27	2278	1953	808	122	28
876	16	19	18	31	45	4	0	30	21	8	13	44	24	28	41	29	41	36	15	53	13	106	43	29	48	17	57	17	406	15	49	11	3	26	36	56	26	15	13	26	20	22	13	370	21	21	21	56	85	22
881	11	16	5	35	60	4	0	17	22	10	5	23	11	26	38	35	31	19	21	14	24	87	30	40	41	18	69	10	19	5	44	4	2	22	23	25	41	16	3	32	9	21	20	11	15	23	19	25	59	15
44742	7	12	4	34	45	2	0	16	33	11	62	26	8	40	22	24	12	17	8	76	12	114	17	40	41	8	43	18	20	21	32	12	6	31	25	313	28	19	46	25	29	17	11	12	8	19	20	38	2391	20
158	14	14	4	26	16	26	4	0	50	14	16	15	41	10	15	23	15	4	35	17	2	22	26	19	6	14	12	13	20	8	14	0	11	22	18	18	7	28	17	24	48	40	12	4	36	21	9	16	35	5
239935	101	395	79	32	28	98	31	54	521	23	84	0	63	48	67	19735	679	1453	45	57	83	39	100	271	307	91	41	62	476	42	71	14	55	29	11574	48	319	42	408	21	48	30	4178	17285	6961	128	68	1831	479	103
197	48	269	67	50	152	151	4	110	169	53	221	184	110	1477	30	1127	328	104	81	181	332	360	210	265	81	147	82	294	211	64	733	17	20	72	51	17	136	84	29	89	228	741	48	4	116	77	77	178	240	250
195	10	89	2	4	11	13	0	27	155	60	148	44	91	492	15	13	194	47	67	0	99	18	100	6	8	6	47	144	59	9	8	7	0	13	11	26	12	38	16	6	30	254	11	6	13	30	12	21	47	70
56	6	22	18	8	0	33	6	4	10	10	26	0	18	20	8	19	0	5	28	9	32	12	15	28	6	28	7	11	38	13	9	7	34	14	12	12	13	24	11	10	25	7	23	6	8	29	15	18	34	2
1197717	12	4	4	5	2	0	2	6	22	20	9	16	10	10	3	25	4	2	3	6	4	7	6	76	56	5	6	9	51	30	3	2	2	11	43	198	33	63	7	10	4	10	10	4	3	13	6	26	398	3
638849	11	11	9	22	4	4	0	12	19	0	52	4	14	37	20	20	10	6	17	4	25	8	8	25	16	12	9	11	48	8	12	0	2	6	24	18	10	29	14	7	11	11	16	31	5	28	25	9	89	2
2734096	5	0	5	0	0	4	0	0	472	0	8	0	18	0	628	220	0	1071	110	0	2	0	0	0	0	0	4	2	0	9	33	0	29	0	46	240	0	59	5	0	0	0	0	0	0	0	6	0	0	51
2162637	0	222	0	1454	0	0	0	0	0	1456	0	421	0	0	493	208	0	475	0	0	0	442	385	0	0	0	888	0	0	0	237	0	0	1312	0	0	0	204	0	679	0	0	0	162	172	224	0	231	457	443
1737424	0	2188	950	7160	2309	3632	0	0	4545	0	496	0	1708	492	974	3102	10603	1400	3142	4720	0	1173	1778	1258	0	715	1179	873	1215	417	1355	0	0	883	3347	1990	5081	1207	424	0	0	7726	662	899	1109	618	0	1083	1172	0
2972784	0	6	16	8	25	30	76	20	14	17	2	75	37	3	2	6	12	2	3	5	30	7	23	34	12	87	7	4	10	13	2	20	37	35	2	15	0	19	9	11	21	2	3	155	4	2	9	5	3	13
315405	0	6	2	0	0	412	0	41	12	39	2	4	7	132	7	0	3068	0	7	0	39	6	155	0	4	4	2	6	20	6	9	2297	5	3	3	0	109	9	10	4	43	0	4	15	0	17	7	327	9	0
1343	0	3	39	10	16	204	39	21	75	43	0	23	29	15	0	11	182	7	6	46	45	5	175	0	17	76	2	0	34	18	141	57	47	52	49	4	4	0	3	21	23	27	5	284	7	6	49	2	3	10
39777	0	10	763	10	70	114	72	17	35	244	22	136	165	0	33	5	88	9	21	3	309	8	990	7	56	4921	24	15	65	38	99	10	32	19	7	2	8	27	132	10	264	12	20	414	11	20	597	2	8	5
2003188	0	47	12	17	24	13	44	11	22	24	21	121	53	36	166	21	4	54	71	95	16	9	12	11	14	10	12	79	41	35	7	5	25	36	26	61	26	84	28	8	11	16	13	29	9	73	19	9	98	10
712116	0	35	25	12	15	30	6	8	9	54	0	46	19	17	6	10	36	13	3	8	76	13	27	34	35	27	9	12	52	7	6	33	80	14	27	11	4	0	0	8	29	20	0	0	8	14	21	11	22	11
1655	0	24	21	19	19	2	5	37	5	38	8	48	29	13	0	0	10	12	16	25	26	8	43	10	9	9	6	42	55	8	12	36	66	2	38	14	8	17	13	17	24	3	13	10	11	12	16	19	15	9
1681	0	8	7530	2	8408	0	22	7	41	9	23	306	5659	126	15	0	0	6	5	85	0	11	5	0	21	5	2	8189	26	14	160	0	0	7	6790	122	0	6	1694	21	4	317	621	1388	39	28	7174	6	23	12
28025	0	5	0	8	81	11	0	0	0	5	3	54	40	106	23	0	3	5	4	53	0	0	0	0	29	0	4	0	204	18	34	0	2	0	24	97	9	0	23	0	0	51	94	0	193	55	138	4	0	0
571	0	3	30	0	4	11	11	5	5	9	6	22	59	10	5	8	2	2	10	19	40	7	11	0	18	35	15	19	64	212	12	756	13	3	4	35	6	24	0	3	31	35	0	378	0	4	39	7	3	9
2992805	0	0	14	0	0	0	0	15	26	0	15	55	15	64	20	71	37	26	17	0	0	18	15	21	0	0	0	34	0	33	0	0	0	24	33	37	73	64	39	21	26	24	0	13	16	27	45	0	33	0
564	0	0	11	0	22	24	3	4	3	4	11	96	7	8	12	12	4	5	13	21	8	27	89	2	36	284	10	3	21	6	13	81	14	0	0	44	214	16	4	7	62	100	0	14	5	6	20	3	7	8
1812935	0	0	312	9	7	86	11	36	6	87	17	5411	848	0	6	22	47	3	299	145	567	0	20	0	256	17	0	0	196	416	15	9449	346	0	38	1383	19	45	0	4	306	13	9	718	4	7	2905	74	5	44
208224	0	0	249	30	0	112	0	29	20	11	24	35	22	0	0	30	8	8	19	150	93	0	10	0	209	19	12	48	26	67	10	1730	78	0	12	72	7	0	13	17	34	10	10	63	0	0	3164	8	0	10
2027919	0	0	42	0	0	0	0	0	0	0	31	26	88	0	20	0	0	0	0	0	31	0	0	37	0	31	0	0	38	15	14	998	0	0	17	34	0	0	0	0	20	0	0	44	0	0	74	0	0	0
1639133	0	0	45	37	4	16	0	53	11	12	11	17	25	0	7	11	8	0	35	11	441	6	19	0	6	39	10	22	290	14	1708	1648	49	0	28	152	25	3	13	0	23	123	7	44	0	7	58	13	15	18
621	0	0	47	0	38	40	0	0	0	0	21	69	0	0	16	0	0	0	8	8	18	31	69	0	0	499	0	0	24	9	22	62	23	0	0	64	122	0	0	0	27	276	0	0	0	13	21	0	0	0
623	0	0	145	0	27	270	24	0	83	16	17	361	46	0	119	0	0	18	44	94	110	503	764	0	40	3221	0	0	137	115	65	406	236	0	0	474	608	0	0	0	539	1101	0	14	0	0	146	14	0	0
622	0	0	15	0	19	66	4	0	0	0	8	71	0	0	30	0	0	0	23	27	7	22	302	0	0	481	0	0	29	0	7	55	15	0	6	85	122	0	0	7	45	239	0	0	0	4	47	0	0	0
2972761	0	0	0	103	0	0	0	0	0	160	221	0	60	0	50	0	0	0	0	68	0	92	69	0	0	0	0	0	75	0	61	0	0	0	74	82	0	0	0	0	0	0	0	0	0	0	0	0	46	0
2878202	0	0	0	0	0	0	0	0	0	0	10972	0	0	5131	4797	0	0	0	0	0	0	13764	0	0	2268	0	0	0	1419	1498	0	0	0	0	760	0	0	0	366	8490	750	0	0	0	295	0	851	0	1582	0
