	ERR4701918_bracken_species	ERR4701920_bracken_species	ERR4701948_bracken_species	ERR4701949_bracken_species	ERR4701951_bracken_species	ERR4701952_bracken_species	ERR4701954_bracken_species	ERR4701955_bracken_species	ERR4701957_bracken_species	ERR4701958_bracken_species	ERR4701960_bracken_species	ERR4701961_bracken_species	ERR4701963_bracken_species	ERR4701964_bracken_species	ERR4701966_bracken_species	ERR4701967_bracken_species	ERR4701969_bracken_species	ERR4701970_bracken_species	ERR4701972_bracken_species	ERR4701973_bracken_species	ERR4701975_bracken_species	ERR4701977_bracken_species	ERR4701979_bracken_species	ERR4701980_bracken_species	ERR4701981_bracken_species	ERR4701983_bracken_species	ERR4701985_bracken_species	ERR4701986_bracken_species	ERR4701987_bracken_species	ERR4701989_bracken_species	ERR4701991_bracken_species	ERR4701992_bracken_species	ERR4701993_bracken_species	ERR4701995_bracken_species	ERR4701997_bracken_species	ERR4701999_bracken_species	ERR4702001_bracken_species	ERR4702002_bracken_species	ERR4702003_bracken_species	ERR4702005_bracken_species	ERR4702006_bracken_species	ERR4702008_bracken_species	ERR4702009_bracken_species	ERR4702010_bracken_species	ERR4702011_bracken_species	ERR4702013_bracken_species	ERR4702015_bracken_species	ERR4702017_bracken_species	ERR4702018_bracken_species	ERR4702020_bracken_species	ERR4702021_bracken_species	ERR4702022_bracken_species	ERR4702023_bracken_species	ERR4702025_bracken_species	ERR8529713_bracken_species	ERR8529717_bracken_species	ERR8529721_bracken_species	ERR8529725_bracken_species	ERR8529729_bracken_species	ERR8529733_bracken_species	ERR8529737_bracken_species	ERR8529741_bracken_species	ERR8529745_bracken_species	ERR8529749_bracken_species	ERR8529753_bracken_species	ERR8529757_bracken_species	ERR8529761_bracken_species	ERR8529765_bracken_species	ERR8529769_bracken_species	ERR8529773_bracken_species	ERR8529777_bracken_species	ERR8529781_bracken_species
1747	35619	50992	707	1148	1852	2723	1528	740	88623	23593	99387	36389	55802	21982	13787	16411	23500	12414	11255	11359	1955524	1976512	3052028	1521161	1248775	4474800	4226830	110	3811946	4693793	3927264	4857769	832405	260321	111615	152015	193489	115014	538671	1621	1701485	604047	801352	110955	727541	93637	246931	2045	729301	134426	454500	1176	3476203	3204230	1805	437	300	1911	17257	14448	107412	141784	27492	1807	202	246	38180	85271	73080	826	395	3188
33011	1314	2534	155	198	155	232	167	35	764	196	325	227	538	219	516	434	738	321	608	511	6809	5560	5734	3259	1741	6363	9728	7	52110	70376	61901	43766	3583	695	544	607	442	200	1605	12	1011	3742	1068	4141	2738	299	833	12	775	759	617	41	12544	3151	25	5	2	2	11	185	149675	171150	49925	334	8	6	2088	4578	1807	35	19	103
33010	107	170	493	875	486	225	1072	16	370	122	220	144	486	91	1306	1548	2111	1268	796	1066	970	1270	966	424	328	1132	1042	0	1843	2947	2180	1641	125	103	144	120	67	19	952	0	398	225	1155	143	110	66	425	0	168	57	627	3	783	464	9	0	0	0	3	5	2658	2950	834	914	15	16	716	737	344	28	5	9
2559073	58	65	95	105	89	51	60	9	994	183	494	393	1047	294	10549	11892	18656	10019	1138	1049	795	683	1199	585	1971	7987	5764	0	1350	2966	1754	1443	663	228	274	132	121	40	1987	91	146	4278	2213	39	630	104	1039	130	61	805	1258	0	2058	972	13	8	4	5	53	48	73	88	17	190	3	4	34	75	39	2	0	5
3016342	4	3	279	280	241	99	165	28	77	27	45	28	91	21	23	24	29	23	35	20	51	32	27	17	91	247	258	0	149	259	183	160	43	91	8	10	16	2	154	0	80	12	1388	0	21	28	70	0	44	3	725	0	62	43	3	0	0	0	2	0	26	40	9	552	11	10	0	3	3	0	0	0
1750	4	20	174	165	123	91	137	9	67	27	21	28	40	27	104	128	188	108	97	91	36	11	26	6	2	0	5	3	2	4	5	7	20	0	371	136	46	61	6	0	0	14	20	6	5	4	0	0	0	5	12	0	37	12	5	0	0	0	0	0	8	11	9	528	3	6	6	4	8	3	7	25
1744	3	0	323	324	321	626	243	47	486	191	280	186	546	199	423	469	595	376	370	386	14	2	26	18	3	15	54	0	27	50	25	25	0	175	24	9	14	5	54	0	0	0	2158	0	0	60	54	0	5	3	1197	0	3	8	7	0	0	0	0	0	8	4	3	1052	9	16	0	0	0	2	0	0
2017486	7	11	30	34	101	112	50	3	607	268	221	305	733	142	3501	4968	5479	3477	3670	3132	13	5	41	29	4	16	10	0	20	0	13	2	0	0	15	26	251	177	205	0	0	0	0	12	40	0	0	0	3	7	0	4	8	0	180	19	4	0	0	0	0	0	2	179	0	6	0	11	3	21	3	41
2894081	2	3	37	70	54	43	59	18	426	258	243	195	568	116	3117	4277	4671	3058	2963	2517	7	2	34	17	2	0	5	0	13	13	0	4	26	0	11	16	239	178	173	0	0	0	0	5	11	0	10	2	0	0	0	0	3	0	84	5	9	0	0	0	0	0	0	461	2	7	0	9	3	10	4	35
161879	5398	7124	4528	4533	4334	1419	3439	467	8	9	11	12	12	10	211	292	318	207	175	226	251895	164767	865431	555277	4	10	8	0	360	245	359	198	9	21	81	89	223	52	6	12	56	45	19	48	6	0	8	11	34	7	12	4	282967	549227	0	0	0	0	0	0	75	42	10	11019	207	190	1345	2099	1191	0	3	3
38304	2671	4464	833180	1684039	1431361	485288	3487778	51018	32924	17123	12869	19233	91434	7278	70683	103956	115518	67322	44365	70842	12473	5324	6804	4400	424	469	3796	15	24006	15337	19297	15863	11484	453	1012	530	1129	352	400	59	274	14437	2349	598	10180	258	216	114	163	2320	972	16	19981	4248	1731	386	283	8	16	15	586	610	182	369423	6703	55446	1671	3318	1686	280	42	315
2041036	521	919	2845	2487	3290	2600	2808	508	11	11	3	40	9	13	5975	5238	10309	4523	3726	5792	1540	453	416	193	3	3	16	0	62	37	53	31	437	0	532	231	985	81	7	0	7	1991	18	27	230	0	0	0	10	283	0	19	2859	462	0	0	0	0	2	0	20	8	3	5493	84	152	313	910	534	0	0	3
1979527	546	743	2803	4401	4317	2155	8037	360	2791	3429	1150	1302	47688	563	1452	2128	2146	1254	899	1120	2230	1756	4860	3358	239	329	2689	9	34165	18075	21915	18987	5274	170	70	48	103	44	82	25	178	5143	1846	13	4744	38	72	62	148	1055	622	0	2526	2567	41	19	16	0	8	3	711	773	200	4917	74	542	151	358	170	43	6	74
161899	310	432	5390	4813	6438	2875	5333	486	29	8	10	12	72	7	1576	1615	2684	1270	780	954	1340	447	274	180	3	5	9	0	34	38	58	23	50	5	102	59	428	29	0	0	16	1829	34	10	31	0	5	3	5	257	9	0	1422	199	0	2	0	0	0	0	20	12	3	11500	264	209	492	895	450	2	3	9
38286	239	593	1961265	1303684	1756947	322443	1774115	42486	2678	815	1229	3799	1746	753	1678902	1864919	2735748	1672095	854133	1222256	738	214	272	122	62	37	263	0	100	84	98	56	384	19	351	200	209	88	0	0	10	3738	70	109	265	17	2	0	6	528	35	0	968	165	122	21	23	0	0	0	23	30	4	2703518	22556	24089	214	439	241	5	0	28
2026255	231	555	3113	2631	3168	1879	3066	443	57	14	10	42	5	18	7758	9007	13505	7026	5885	8056	977	292	260	146	4	7	7	0	49	31	60	27	256	0	262	99	636	32	0	0	11	1436	24	18	144	0	4	2	0	167	10	5	1810	295	2	0	0	0	0	0	12	13	0	5427	80	107	243	541	333	2	3	0
169292	99	181	7290	6873	8271	2560	6203	532	97	108	101	66	1347	79	4442	4927	7445	3872	2593	3319	540	156	155	107	4	2	14	0	180	100	115	92	526	13	386	241	170	56	0	0	11	751	93	12	413	6	0	9	8	131	58	0	659	134	2	0	0	0	0	2	16	6	4	21165	357	524	106	178	120	4	0	7
38301	90	138	28752	22822	54918	10486	21897	681	60	34	18	36	90	7	2856	3334	4410	2881	1312	1621	348	113	100	36	3	4	6	0	185	99	117	99	187	0	52	18	50	17	0	0	11	4832	34	8	127	3	0	0	9	729	13	0	396	45	0	0	0	0	0	0	19	9	3	22200	1500	541	56	124	68	0	0	0
39791	68	122	2659	2238	2131	658	1789	215	196	21	38	51	136	22	3354	2667	5936	2254	1449	1674	210	71	46	33	8	9	16	0	319	150	192	127	413	12	34	51	52	11	17	0	15	327	112	3	261	3	6	0	23	55	49	0	1640	114	0	0	0	0	0	0	43	26	7	6488	72	97	64	76	43	0	0	0
38284	75	118	5609	6979	5661	2014	7774	520	321	146	147	207	722	111	3594	5008	4855	3148	3794	5035	546	222	198	138	266	220	261	0	1471	1827	1125	882	268	479	511	266	269	181	189	6	228	1955	83	1080	231	320	159	37	217	401	53	9	272	126	11	0	0	0	16	0	99	59	12	15059	247	211	37	57	29	0	0	2
1232427	67	223	1031425	826831	955019	183303	1194849	20540	585	315	225	809	438	183	857873	958222	1407686	857389	426532	607993	208	70	92	48	10	4	32	0	26	22	13	12	68	0	48	38	44	26	0	0	3	756	16	13	49	3	0	0	0	85	18	0	273	54	16	2	6	0	2	0	6	0	0	2204218	18367	13590	70	145	73	6	0	5
3059080	4	12	2375	2044	2072	582	2035	180	46	15	22	48	35	10	1445	1589	2248	1385	562	809	3	13	17	11	0	0	4	0	15	12	76	20	24	9	11	4	5	2	2	0	11	656	29	38	16	0	0	0	0	94	4	0	10	18	6	0	0	0	0	0	18	12	3	7713	104	65	0	7	8	0	0	0
3017361	2	11	3455	3191	2807	1909	2494	336	8	14	7	14	24	3	904	972	1333	858	439	560	3	9	5	4	0	0	8	0	29	7	47	19	5	10	48	0	5	2	0	0	16	18	15	0	3	3	0	0	21	3	0	0	9	42	0	0	0	0	0	0	11	10	0	7855	122	72	0	2	2	0	0	10
156978	30	53	3949	3663	3564	1055	4380	232	59	14	34	57	55	28	5984	6369	9294	5719	2057	3092	57	22	73	32	0	0	0	0	22	14	33	13	11	4	508	346	262	108	0	0	3	180	11	0	11	7	0	0	0	20	3	0	144	54	4	0	0	0	0	0	20	4	0	8366	95	184	9	30	19	0	0	0
38288	26	34	4815	3421	4170	1279	3371	351	172	69	152	92	155	50	2917	4098	4933	3173	1769	2626	35	17	14	16	10	5	37	0	28	28	67	20	31	0	89	78	44	18	0	0	25	1128	39	0	24	5	2	0	13	185	2	0	28	14	5	0	0	0	0	0	29	9	2	7409	106	83	31	61	52	0	0	0
146827	23	38	6671	9780	6346	2305	14928	550	627	111	181	183	287	96	1596	2254	2558	1500	643	804	86	26	31	16	9	0	28	0	134	96	80	76	50	62	37	4	18	2	0	0	8	260	16	0	34	54	0	2	2	26	3	0	109	12	10	2	3	0	0	2	58	64	28	15208	233	161	15	19	9	123	43	393
1852390	20	45	51418	30973	45635	9709	42368	2168	520	148	258	614	354	115	47699	53640	75983	47636	22374	31628	70	22	34	21	9	2	43	0	33	30	15	6	75	3	75	36	51	13	0	0	0	818	14	11	49	0	0	0	0	114	9	0	126	14	15	4	3	0	0	0	73	71	19	84520	709	790	21	50	29	4	2	2
61592	20	109	1472	1482	1317	376	1075	122	35	16	13	6	33	8	175	220	335	152	130	159	27	29	26	2	8	2	8	24	64	49	131	50	7	13	132	90	45	20	61	4	25	23	30	23	17	7	41	0	7	4	10	0	66	20	0	0	2	0	0	0	42	25	9	4077	58	49	5	12	3	4	0	4
1414719	18	18	22793	17445	19470	4363	25080	886	260	48	119	368	194	54	27365	30978	43826	26723	11373	16064	38	26	28	24	6	9	19	0	26	18	34	25	41	16	19	8	21	10	10	0	5	359	210	11	15	7	3	0	0	45	125	0	74	29	8	4	4	0	0	0	25	30	12	29343	279	325	8	39	9	2	0	0
43770	18	63	8567	10039	8519	3028	11024	629	287	136	137	80	1148	65	2719	3584	4032	2642	1126	1592	185	60	68	48	6	10	33	0	198	112	217	143	66	21	41	38	40	3	5	0	14	240	43	7	64	4	2	5	22	36	13	0	182	37	10	3	4	0	0	0	52	29	11	25456	361	560	29	50	33	14	4	11
43768	15	70	2022	1972	1761	564	1280	147	30	11	0	0	18	26	183	153	179	112	109	139	94	34	96	12	0	6	6	70	29	13	56	23	16	6	408	252	139	163	15	2	19	203	81	13	16	10	9	0	10	64	8	0	75	36	0	0	0	0	0	0	25	14	12	4764	85	45	12	3	5	2	0	6
401472	15	46	30433	19486	24131	8747	26101	3538	571	153	313	481	373	162	22806	26198	37881	23377	12033	16931	45	15	16	4	21	6	55	0	31	151	133	87	46	6	64	47	64	18	0	0	0	352	5	26	12	0	2	0	0	48	4	3	52	25	13	4	2	0	0	0	2	0	0	44201	412	441	24	82	32	2	0	0
53374	15	38	20711	13707	17472	4003	15744	963	136	40	57	151	60	28	19062	21658	30478	19314	8014	11575	29	7	8	4	0	3	20	0	29	32	44	20	31	7	272	126	85	50	0	0	3	249	4	11	20	0	0	0	3	21	3	0	83	7	0	0	0	0	0	0	61	65	15	31430	353	279	0	10	11	0	0	3
38289	14	41	48832	45389	37305	12091	31781	4210	709	841	307	244	461	187	7615	8271	11159	6998	2617	3654	119	57	230	182	2	4	6	0	884	239	231	183	86	25	344	157	213	96	3	0	14	70	45	6	34	14	0	0	29	10	18	0	173	182	137	8	6	0	0	0	58	33	6	106453	2081	1236	38	102	35	0	0	0
38290	12	5	2290	3189	2157	638	3395	131	49	20	15	18	226	5	791	1081	1020	700	358	466	25	12	45	45	2	2	24	0	155	183	186	122	22	35	7	15	14	3	0	0	31	114	15	43	41	27	0	0	9	19	7	0	34	42	2	0	0	0	0	0	18	10	6	5992	67	89	6	11	5	0	0	0
43765	18	45	2534	2085	2016	560	2305	111	382	79	146	84	192	76	1543	1632	2488	1402	986	1086	47	25	124	68	0	9	30	0	129	45	64	52	57	7	643	408	273	178	34	0	0	209	86	0	58	5	14	0	6	41	27	2	137	81	7	0	0	0	0	0	0	0	0	6592	74	55	64	111	75	0	0	0
71254	10	33	35848	357241	31823	13723	216653	997	43	22	19	53	133	21	1259	1475	1886	1167	708	1057	82	27	67	54	5	5	16	0	110	59	96	66	35	10	12	2	16	0	4	0	9	101	10	0	28	2	0	0	8	14	10	0	97	43	7	0	2	0	0	0	20	11	2	70303	503	282	13	24	8	2	0	0
258224	10	19	15023	13759	11627	3534	9549	1277	315	55	176	52	154	80	584	681	746	551	300	441	399	306	1545	982	0	2	3	0	31	15	29	19	4	0	0	0	3	0	4	0	5	16	13	2	2	3	8	0	4	6	8	0	456	835	0	0	0	0	0	0	452	472	149	32974	615	378	3	6	6	0	0	0
2768834	9	12	14530	13134	11850	3617	9375	1210	2	4	32	4	9	5	180	261	259	120	60	103	287	228	1082	659	2	8	3	0	35	29	77	30	2	12	12	4	12	2	4	0	24	9	22	0	0	0	2	0	10	2	5	0	317	560	0	0	0	0	0	0	37	13	3	29004	542	350	3	10	0	0	0	0
1717	9	14	5380	6087	5106	1623	5570	390	158	43	42	39	291	9	704	1264	1137	813	471	983	80	51	274	220	2	0	12	0	168	107	150	106	23	14	10	6	7	2	110	0	6	45	67	0	34	0	0	0	7	3	18	0	136	118	0	0	0	0	0	0	97	86	41	15342	226	280	10	14	8	3	0	3
203263	8	2	2785	2549	2165	762	1908	260	3	3	0	7	8	2	199	266	303	225	149	217	2	8	11	5	0	0	13	0	58	35	107	28	4	4	5	15	7	5	21	0	44	8	9	0	3	3	3	0	12	0	8	0	9	2	0	0	0	0	0	0	42	24	4	6505	103	81	0	2	2	0	0	0
227319	8	4	2432	2255	2014	613	1514	229	0	5	8	4	6	2	260	300	384	243	141	198	2	3	17	9	3	4	3	0	39	25	57	17	3	2	7	0	2	3	5	0	18	14	9	0	0	0	0	0	8	2	7	0	7	4	2	0	0	0	0	0	23	16	3	6615	113	81	2	0	0	0	0	0
2883169	7	7	1775	1510	1328	440	1234	139	11	10	4	0	6	19	490	601	778	482	222	279	36	22	69	56	0	0	7	0	10	10	34	24	25	2	7	2	8	0	0	2	8	18	10	0	4	0	3	0	2	4	2	0	34	54	2	0	0	0	0	0	15	4	3	4514	62	62	4	4	2	0	0	3
99807	6	4	11499	10617	9044	2879	7527	995	5	0	2	3	6	8	103	189	193	174	70	125	105	76	349	280	0	2	7	0	64	27	89	43	5	4	5	11	3	2	11	0	18	11	8	0	0	0	0	0	12	0	3	0	86	259	0	0	0	0	0	0	33	19	8	24430	453	272	0	4	2	0	0	0
38302	5	11	2850	2109	2530	652	2466	157	31	5	16	38	30	3	1699	1874	2831	1663	746	1148	19	8	6	5	8	3	4	0	35	20	36	12	26	7	7	5	8	0	5	0	6	53	5	3	4	3	0	0	7	5	6	0	29	3	0	0	0	0	0	0	11	15	2	5215	56	63	2	4	0	0	0	0
156976	5	15	7638	5620	6576	1613	5804	401	45	4	15	35	36	15	5364	6015	8417	5220	2217	3292	26	13	12	6	2	2	5	0	31	23	75	24	12	2	10	9	13	5	0	0	23	110	10	5	11	0	3	0	5	20	5	0	39	5	0	0	0	0	0	0	19	11	3	14280	189	117	9	8	5	0	0	0
2488819	4	5	2675	3288	2360	709	2989	182	12	5	4	7	18	2	1068	1327	1588	979	579	762	32	14	24	26	0	7	10	0	39	24	40	28	12	6	17	6	4	4	3	0	11	24	18	0	6	0	3	0	10	11	0	0	40	17	0	0	0	0	0	0	11	10	4	11769	144	66	2	8	0	0	0	0
699041	3	6	5516	5157	4356	1314	3575	459	16	0	13	0	14	9	401	448	514	294	210	336	17	10	44	20	0	4	3	6	66	40	104	47	5	0	18	10	11	5	3	0	31	14	19	0	7	6	4	0	11	6	2	0	24	31	0	0	0	0	0	0	37	15	5	13458	241	160	3	2	0	0	0	0
43769	2	2	3095	2847	2565	749	2326	258	16	17	8	15	37	6	5217	8263	7644	5468	6330	8473	54	22	153	119	5	4	5	0	60	29	59	33	94	3	9	5	8	0	0	0	8	205	21	3	69	3	0	0	9	51	11	0	44	54	0	0	0	0	0	0	18	13	3	8266	128	111	3	5	2	0	0	0
2763010	2	19	21132	14550	18129	4096	19891	858	156	72	79	229	88	50	115466	136427	197272	121947	46353	75143	60	23	97	55	3	0	6	0	9	28	11	12	34	2	21	17	10	3	0	0	0	207	12	4	18	2	0	0	2	25	3	0	78	67	4	2	2	0	0	0	19	17	5	33237	291	361	8	27	7	0	0	0
575200	2	5	2479	2448	2221	659	2145	206	97	15	70	60	36	32	762	872	1292	715	363	426	31	4	18	10	0	0	5	0	10	12	22	10	12	0	2	2	6	6	4	0	3	13	4	0	17	0	0	0	0	5	3	0	9	5	3	2	0	0	0	0	4	4	0	6031	85	65	0	2	2	0	0	0
187491	2	12	8304	6722	7453	1817	8475	392	219	71	83	99	146	59	7191	7642	11156	6928	3378	4545	44	15	74	40	16	4	25	0	13	20	33	7	13	2	12	9	13	4	0	0	2	116	0	0	3	0	3	0	0	13	0	0	31	30	5	2	0	0	0	0	6	5	0	12849	152	147	4	10	9	0	0	0
1528099	197	204	1463	1363	1422	377	1841	80	143	53	76	93	140	60	3278	3336	4987	2979	1783	2375	1136	694	459	208	62	453	507	0	7559	4163	12347	4711	347	982	586	821	807	314	676	18	3115	399	1564	136	210	344	407	39	1502	131	467	7	624	353	0	0	0	0	0	4	4695	2539	592	1986	32	77	39	55	35	0	0	4
319706	3	18	996	903	729	364	619	124	545	188	186	233	305	127	100	131	192	121	78	117	15	7	16	5	7	10	104	0	54	32	23	24	28	13	6	3	36	12	52	0	7	5	14	45	38	5	12	0	7	0	16	0	11	8	168	114	49	57	104	132	84	81	37	2384	117	137	164	194	89	78	95	308
56689	2	0	677	650	491	148	425	55	64	18	53	21	44	22	46	42	57	46	37	25	2	0	0	2	0	2	12	0	4	2	6	2	2	2	2	2	7	16	0	0	2	0	4	0	0	4	0	0	0	0	0	0	2	2	24	9	14	8	4	8	5	13	3	1307	18	26	13	24	8	6	14	48
1778	5	5	202	219	213	71	146	20	121	36	50	34	66	35	26	86	62	49	58	41	19	14	43	50	18	13	18	0	25	9	22	17	2	2	3	0	23	5	8	0	10	5	11	0	0	0	3	0	11	0	0	0	8	45	11	9	2	2	10	5	16	11	4	676	12	17	9	24	7	3	10	25
1389713	6	5	117	116	97	49	95	15	99	21	56	33	109	20	42	83	97	49	70	64	10	0	3	0	5	8	11	0	7	2	10	6	0	0	10	3	20	9	47	4	3	0	0	20	5	0	30	0	0	0	0	0	5	4	5	7	7	0	9	8	5	5	4	521	8	7	9	16	10	3	7	33
1774	3	14	575	515	591	223	425	68	49	26	36	26	64	29	85	83	118	56	64	57	26	8	6	0	2	4	4	0	10	3	25	21	5	4	0	4	25	11	2	0	4	8	17	30	0	3	0	2	13	0	0	4	11	4	8	0	0	0	2	0	7	0	0	1320	27	12	0	3	0	0	0	7
322509	2	3	983	810	710	307	482	137	167	112	90	1206	152	218	198	223	437	144	177	130	0	0	3	0	4	25	0	0	37	24	103	46	10	9	77	36	57	25	0	0	4	39	0	4	20	0	7	5	4	0	6	0	5	0	19	2	5	0	0	0	13	13	0	1904	31	14	0	0	2	2	0	6
1828	15	33	672	596	551	174	414	49	535	170	277	183	393	132	815	1006	1171	640	792	692	6	2	229	222	26	21	71	26	65	22	37	33	34	3	78	33	3326	2388	206	0	7	4	3	30	42	3	13	3	0	6	6	3	15	2	35	12	2	0	0	0	7	6	0	1552	27	26	3	2	0	0	0	4
1270	257	224	54229	32120	24129	58132	30484	35093	43555	9187	21505	24416	23652	25042	5477	6756	9060	4685	3959	3692	171	64	65	39	3880	1300	9385	6	10	53	35	15	91	1596	161	18	58	16	18	0	560	1474	448	347	76	913	0	21	740	457	226	2	211	19	744	101	64	6	11	2	17	10	0	145331	1702	2291	150	388	244	132	51	516
1273	6	32	36693	35478	36975	92424	32335	38247	799	411	462	356	656	236	1940	2415	3005	1573	3209	3093	53	5	12	2	7	6	27	0	6	2	0	0	6	3	11	7	12	6	2	0	4	4	0	46	0	0	0	0	5	0	2	2	42	2	45	0	0	0	0	0	0	0	0	226598	3255	4623	22	99	47	2	0	8
43675	194	4781	377	333	290	149	231	38	1767	639	759	651	1358	456	260	449	437	268	290	368	292	260	290	110	134	17	76	3061	167	133	70	104	32	15	171	106	106	68	73	5	2	13	32	81	30	6	33	8	0	0	8	2	327	157	16	3	0	0	2	5	9	6	4	917	28	19	64	139	56	17	2	29
2047	80	667	27	37	36	28	44	3	50	34	6	22	70	11	159	258	333	180	90	112	136	72	73	22	3	0	13	5771	7	50	21	50	3	0	334	195	91	55	285	9	4	9	30	58	0	0	50	2	10	0	7	0	109	225	0	0	0	0	0	0	0	3	0	372	3	6	28	36	15	5	0	0
172042	19	190	9	47	9	22	40	0	17	19	9	0	10	16	211	236	273	183	60	122	41	23	11	7	0	0	5	285	2	15	28	31	8	8	125	53	37	15	39	2	0	2	9	71	6	0	12	0	0	2	8	3	36	41	0	0	0	0	0	0	5	10	0	122	0	0	2	8	2	3	0	8
71999	5	13	905	920	1178	2001	900	889	891267	210395	407322	263522	390112	211843	3446	3141	5122	2839	3032	2789	41	3	17	6	42	27	139	0	16	122	81	61	226	8	49	38	26	14	4	3	8	219	4	13	142	0	2	2	3	73	5	0	27	3	1141	90	79	0	0	0	0	4	0	4761	281	404	15	32	17	14	2	27
1630135	62	67	1329	758	1401	658	818	122	132	60	72	63	88	47	489	459	1033	387	384	533	297	87	37	16	0	3	2	0	10	4	4	4	15	4	20	10	32	2	0	0	0	196	4	2	9	0	0	0	4	54	0	0	324	27	4	0	2	0	0	0	2	2	0	1639	30	35	34	78	31	0	0	0
1667168	13	9	2379	625	3591	606	681	75	743	249	359	302	405	253	1493	1800	2719	1357	473	561	50	17	20	6	0	0	10	0	84	31	12	15	12	10	36	15	11	2	2	0	0	92	6	2	30	0	4	0	2	28	0	0	94	4	13	0	0	0	0	0	0	0	0	4651	66	32	7	17	11	2	0	0
1276	2	35	7414	4377	3732	12719	4406	6236	3902	1120	1915	1277	2135	2229	2308	2275	3597	2038	708	891	14	6	4	3	6	3	8	0	10	23	7	3	9	4	20	14	14	13	5	0	0	3	3	3	0	0	0	0	3	3	0	0	6	13	114	21	6	0	0	0	0	0	0	119122	1833	2505	9	16	11	7	0	14
712122	64	156	35	42	85	53	36	9	72	46	50	52	266	27	71	97	84	54	60	61	693	200	349	38	5	5	4	28	7	3	12	3	4	29	1034	394	171	123	30	0	5	124	34	29	9	0	28	4	7	27	40	2	101	15	7	4	0	0	2	0	12	4	2	88	0	0	5	4	5	8	0	17
706438	39	140	17	21	38	35	23	11	75	52	29	19	111	19	72	92	132	74	66	64	162	64	60	18	12	2	5	6795	3	15	27	5	38	6	565	230	112	67	626	4	0	19	32	29	28	7	76	2	0	4	12	0	96	50	5	0	0	0	0	0	6	6	3	29	4	4	9	20	7	0	0	8
712116	16	476	16	0	9	32	3	0	192	50	138	54	100	29	40	80	152	89	101	75	139	47	24	3	2	2	8	785	0	19	18	16	25	15	900	319	158	120	1786	0	0	36	113	90	26	7	183	3	0	10	44	2	60	57	2	0	0	0	0	0	0	4	0	34	0	0	3	6	10	0	0	13
2789425	8	128	5	0	38	49	9	9	149	32	35	41	53	21	37	40	84	27	27	15	71	17	16	7	0	4	3	192	8	0	0	13	6	5	659	198	123	91	237	0	0	13	34	19	4	0	42	3	0	10	13	3	63	41	0	0	0	0	0	0	5	5	6	103	0	0	7	7	0	5	0	13
544580	133	1097	29	33	132	160	48	32	243	60	118	107	193	68	274	287	303	257	195	173	573	261	206	42	8	10	15	1249	43	46	44	22	68	85	3167	1390	576	459	1494	8	15	111	111	227	45	13	196	4	0	15	38	3	489	297	4	5	2	0	0	0	29	24	17	343	13	15	38	70	39	22	4	37
1659	57	79	9	8	29	33	14	20	196	85	123	56	194	47	162	138	236	76	61	84	270	86	112	19	5	2	7	50	19	4	18	9	7	14	624	262	104	78	63	0	13	12	17	26	11	0	29	0	0	9	5	4	66	13	3	0	0	0	0	0	22	23	11	145	0	0	0	9	3	6	2	22
1655	39	131	234	221	236	86	147	23	71	137	64	62	225	16	376	296	664	267	135	131	177	59	49	8	13	0	13	443	19	9	22	8	56	6	1535	601	321	229	468	6	3	32	100	84	35	3	41	0	0	11	62	0	128	63	4	0	0	0	0	0	52	39	13	568	4	6	31	9	16	14	3	53
1656	15	44	8	6	20	20	11	0	23	9	35	11	22	3	68	86	86	53	41	38	71	20	14	8	0	2	2	164	12	2	22	8	5	0	229	89	45	41	265	0	0	2	18	13	0	0	27	0	10	0	4	5	36	18	0	0	0	0	0	0	15	7	0	80	0	0	0	3	0	4	0	7
1660	310	906	226	202	240	211	164	27	535	132	251	160	369	106	112	136	185	64	70	96	323	279	133	43	22	4	47	462	25	36	25	36	43	34	4102	1982	692	442	94	7	5	17	47	177	21	8	47	23	11	5	25	5	577	301	17	4	0	0	6	0	19	7	5	585	22	22	84	185	105	12	2	12
477641	4	59	260	259	245	135	182	43	475	192	231	191	461	176	555	501	713	426	652	832	13	2	12	5	12	6	0	0	18	17	7	5	2	0	19	27	46	22	9	0	0	0	0	0	0	0	0	0	0	0	0	0	6	5	387	4	2	0	0	0	0	0	3	585	9	8	7	3	2	3	2	23
74426	2	10	11	33	0	21	24	10	8	12	16	8	12	6	149	145	262	123	198	126	91	3	5	0	8	33	71	8	4	2	4	2	66	0	208	39	69	8	9	26	0	2	0	15	33	0	0	0	0	0	0	0	11	3	0	0	0	0	0	4	237	161	6	95	9	34	19	22	62	17	18	10
1282	106	173	37202	83258	177285	151132	91502	35978	755089	301700	167006	124075	1191956	60687	3525	3051	6086	2342	2454	2078	223	99	90	63	96	119	327	0	686	1747	958	922	1227	28	39	44	49	16	90	3	27	234	89	190	2122	40	32	0	29	163	85	0	86	54	2125	229	132	0	0	2	5699	3060	952	6473	834	4254	6345	17508	3400	27	2	11
1280	27	48	12346	44119	82828	61772	45632	16874	56455	24432	17124	11249	180346	7595	11092	11749	18650	7145	3809	2926	93	27	30	11	29	24	30	0	217	298	347	266	108	0	5	20	30	14	0	0	4	32	17	9	106	4	5	15	2	21	20	8	13	7	1353	113	59	0	0	0	381	342	110	8000	1175	3741	212	351	71	0	0	0
1290	14	20	43299	179338	341144	240382	221984	73200	32863	12839	9301	24426	59848	3561	26946	15957	43849	13427	16107	14183	21	5	13	11	4	7	30	0	8	13	7	5	10	3	14	7	3	0	0	0	0	0	2	13	6	0	0	0	0	0	0	0	24	8	802	48	44	0	0	0	8	3	0	58446	15318	45738	74	80	12	0	2	10
29388	3	8	1343	3745	6008	2952	7947	555	213694	62561	46767	23229	183546	15358	386	393	663	289	98	121	125	99	79	58	45	41	160	0	4579	8664	3365	3656	83	68	10	12	3	0	109	2	2	30	77	12	88	56	92	17	4	26	79	0	97	9	2269	147	96	0	0	0	28	5	0	835	88	350	2	4	2	0	0	9
1260	4	12	4	12	7	37	5	8	196	29	63	30	115	16	224	225	417	123	124	135	40	17	14	10	0	0	0	0	173	88	35	27	48	0	16	72	23	7	0	0	0	17	5	12	49	0	4	0	0	0	2	0	38	5	2	2	2	2	0	0	35	33	42	2	0	6	0	6	3	0	0	0
853	9	10	90	108	65	38	81	23	59	21	35	19	35	20	102	93	74	76	68	82	38	12	22	6	14	15	34	0	25	16	37	21	66	12	20	27	24	14	14	7	10	0	0	0	34	0	0	0	5	0	0	0	6	0	3	11	3	0	0	0	41	21	0	327	13	56	56	87	148	42	47	29
1871086	22	12	3	2	7	116	7	0	182	104	63	287	149	48	725	2474	1155	811	181	167	2	3	8	2	10	11	3	12	9	2	10	0	10	4	13	2	68	198	7	2	67	0	0	9	4	0	0	0	35	0	0	0	16	0	28	0	2	0	0	0	0	2	0	64	0	0	0	3	3	10	0	16
293	19	10	4	8	11	153	7	6	645	215	253	2554	414	153	481	1256	683	408	274	162	8	0	15	5	12	11	16	0	0	12	10	15	13	0	8	19	60	55	7	0	275	0	0	16	10	0	0	4	215	9	2	3	3	18	41	4	0	0	0	0	0	2	0	25	0	0	2	3	0	2	0	6
2057741	16	0	39	12	54	15	18	9	75	15	31	75	71	33	82	116	85	61	79	58	14	6	7	0	7	5	5	0	0	0	0	4	0	2	6	0	7	12	3	0	4	0	5	7	37	15	6	0	21	0	0	0	3	12	11	9	7	5	6	6	6	4	0	54	0	9	24	25	9	16	12	34
1325120	3	3	11	7	27	13	11	9	60	16	31	24	34	22	66	81	87	61	61	58	6	0	4	0	0	4	8	0	3	5	2	2	5	7	21	11	2	7	5	0	0	0	2	0	0	2	0	0	7	0	0	0	5	16	11	10	0	3	13	11	3	3	4	30	3	3	5	21	5	0	11	29
185951	3	6	32	88	59	48	68	5	478	244	255	102	479	52	610	736	744	412	575	704	10	2	127	107	7	6	6	0	6	12	11	0	6	3	77	11	965	553	285	0	0	0	0	2	9	0	3	0	2	2	0	0	11	4	23	3	0	0	0	0	0	0	0	91	3	2	0	17	0	6	2	12
13690	10	7	51	68	49	625	58	3	362	87	186	167	150	85	336	641	345	235	232	264	0	0	6	0	9	6	19	0	44	49	97	34	0	10	50	30	73	36	261	0	15	0	16	30	7	5	247	0	0	0	6	0	14	8	31	0	0	0	0	0	23	11	0	169	4	10	8	16	13	0	0	12
147645	29	0	9	24	14	182	118	14	2291	767	1085	2377	1583	826	287	542	546	277	478	641	0	12	5	0	36	105	101	0	19	11	7	0	0	64	81	83	64	43	4	0	0	302	0	32	0	44	10	0	18	122	0	4	7	7	203	25	24	0	7	4	16	6	8	54	0	6	0	4	3	69	21	143
190721	253	315	3547	701	2855	567	1669	663	2667	660	1062	797	852	1469	1609	671	1581	629	1300	713	274	209	89	69	230	253	130	13	227	181	130	85	320	238	520	287	293	146	248	76	204	70	263	279	388	430	187	148	252	64	233	98	244	252	170	68	67	44	69	101	119	83	21	1423	72	83	111	217	96	58	106	457
329	3	8	80	6	58	23	43	34	102	64	48	27	39	84	68	87	56	26	38	39	14	9	0	0	17	2	0	0	10	4	2	5	9	0	6	8	7	8	12	5	5	0	13	8	0	10	0	3	3	0	7	0	8	9	7	4	0	2	2	3	10	4	0	57	2	5	0	10	6	2	3	16
134537	54	53	301	147	289	153	194	124	503	201	222	241	303	252	287	233	352	213	191	207	53	46	25	19	30	24	56	2	34	17	15	25	28	17	75	45	41	19	42	14	12	8	30	41	34	20	25	21	39	13	33	6	25	32	16	24	13	9	21	26	9	21	8	142	11	23	30	26	11	17	27	75
420952	13	22	54	34	43	29	17	20	123	40	53	54	34	71	88	79	75	65	62	52	12	5	8	10	6	6	13	0	0	14	9	4	0	4	13	10	11	8	4	4	0	2	13	7	6	2	6	4	13	2	7	5	6	5	3	3	4	0	0	7	4	5	0	57	3	4	9	2	2	0	6	19
47671	9	410	14	2	30	17	17	9	35	28	35	18	7042	11	214	262	162	177	99	83	28	5	18	0	4	0	6	1120	5	10	6	5	17	3	109	52	18	20	13	0	3	6	7	30	11	24	6	0	0	0	6	2	16	80	0	0	0	0	0	0	5	28	20	7	0	0	2	8	0	8	3	26
34073	11	24	142	141	159	271	125	31	598	171	161	251	543	141	889	1674	1163	768	976	853	33	7	59	38	24	16	139	19	2	12	10	6	3	3	21	30	678	822	4	0	0	0	0	12	13	2	0	6	3	0	0	6	15	48	40	3	3	0	11	0	2	6	0	484	14	15	8	9	0	19	8	91
28449	23	569	39	13	22	17	10	5	16	18	7	8	35	4	17	7	20	0	17	15	34	42	22	7	7	0	5	154	16	8	10	9	33	0	81	86	40	49	28	5	0	0	2	201	33	0	35	4	0	0	0	6	60	66	5	4	2	0	0	2	5	0	3	73	0	3	7	33	9	0	0	3
2892442	18	77	0	0	34	25	0	0	110	12	89	101	114	52	139	42	137	66	62	67	522	225	556	393	101	154	443	0	614	548	603	623	32	69	179	278	598	362	96	0	40	18	45	190	0	22	43	19	36	0	23	0	265	318	0	60	96	28	7	0	10	9	6	89	9	142	40	31	42	9	0	0
287	32	25	291	235	207	1702	197	107	713	193	312	644	295	119	3094	8001	8056	3011	3676	2406	44	15	38	7	33	8	20	0	46	23	238	18	2114	0	27	15	134	90	14	0	15	0	0	133	2193	0	6	3	12	0	0	0	12	18	104	9	0	0	0	0	374	175	239	981	1687	101	10	14	0	323	95	889
303	21	6	1238	1075	839	241	666	146	605	215	265	143	537	73	371	355	471	275	239	286	36	13	16	16	69	46	16	0	51	77	118	52	30	5	25	10	33	48	22	3	3	0	2	88	40	0	7	5	0	0	12	8	18	2	204	3	0	0	5	0	0	0	0	3186	27	26	6	41	16	0	3	9
294	19	6	31	62	51	51	42	4	182	136	58	45	178	90	229	266	222	201	129	116	13	3	6	3	4	0	3	0	2	13	58	4	89	0	38	23	44	41	3	0	0	0	2	79	94	0	0	0	0	0	0	0	2	7	30	0	0	0	0	0	2	0	0	239	4	8	2	2	4	0	3	9
316	5	6	355	337	270	145	177	44	340	58	163	5738	136	107	604	1164	1285	932	246	405	6	0	2	5	9	7	13	0	13	8	15	9	6	10	24	18	22	18	0	0	2	0	0	13	30	0	0	0	9	0	0	0	4	22	47	6	3	3	4	2	2	10	0	703	11	21	0	0	4	6	3	16
40324	13	19	482	493	384	694	291	58	971	458	457	844	702	179	779	1299	995	792	796	568	45	23	41	51	40	47	40	0	59	26	33	11	18	32	59	50	291	758	80	0	32	7	6	112	52	9	26	4	28	3	6	3	23	14	57	9	0	0	0	0	0	2	0	968	30	25	16	64	40	3	3	29
729	11	370	10	3	16	4	4	4	37	3	14	3	35	9	14	9	20	7	12	15	30	45	30	10	0	0	0	1832	2	2	6	5	30	7	54	18	23	18	20	5	0	2	4	154	56	0	28	4	0	2	0	3	33	98	0	0	0	0	0	3	0	0	0	14	0	0	3	2	3	0	0	0
56	7	13	403	439	408	172	329	60	272	99	135	183	276	99	433	655	689	363	380	330	30	16	25	19	4	12	28	0	39	35	33	44	3	0	15	7	65	89	19	0	5	0	4	6	4	0	0	0	13	0	0	0	23	24	15	2	0	0	0	0	0	3	0	1364	26	15	0	3	0	0	4	7
2763008	0	2	10	36	46	57	22	9	563	217	234	258	726	137	3719	5028	5932	3495	3383	3071	11	4	42	24	9	11	13	0	14	11	9	13	16	0	25	13	166	130	145	0	0	0	3	3	25	0	0	0	0	0	0	0	8	6	127	13	5	0	0	0	0	0	0	257	2	8	0	4	2	18	7	24
546871	0	7	88	76	130	64	128	121	225	68	164	413	211	81	547	640	953	499	508	515	5	0	18	13	2	5	0	0	21	16	26	8	2	0	3	34	53	28	3	0	12	0	3	2	5	0	0	3	0	47	3	0	15	10	30	0	0	0	0	0	13	2	2	316	7	12	3	0	0	3	0	14
161896	0	15	3910	3805	3130	1021	2704	326	9	6	10	8	80	14	792	1068	1250	830	362	510	24	10	23	18	4	3	2	0	42	34	64	30	17	5	3	2	3	0	0	0	15	26	9	0	24	0	0	0	9	2	2	0	42	17	0	0	0	0	0	0	22	9	3	13540	203	87	6	13	4	0	0	0
2709394	0	7	2694	2551	2163	678	1639	209	17	2	12	4	34	13	571	577	690	479	331	427	30	6	39	34	0	0	9	0	28	17	41	24	11	0	7	6	4	0	2	0	4	22	7	0	3	2	0	0	0	7	2	0	44	28	0	0	0	0	0	0	15	9	2	8178	138	78	2	4	5	0	0	0
441500	0	3	3867	3271	3363	958	3312	268	38	7	9	35	32	3	1804	1902	2788	1684	941	1443	6	5	7	3	0	0	0	0	14	15	35	13	18	7	3	5	5	4	0	2	12	39	12	0	17	0	2	0	4	9	2	0	14	9	0	0	0	0	0	0	4	4	0	7081	100	77	0	5	3	0	0	0
556288	0	3	129	131	138	544	121	63	9542	2301	4572	7639	5625	4365	1395	1760	2633	1515	813	842	3	0	5	0	4	30	4	0	2	9	9	5	33	7	17	7	11	2	0	0	0	10	0	29	22	5	0	3	2	6	0	0	2	0	509	121	34	0	0	0	0	0	0	6182	92	153	5	5	3	0	0	6
33889	0	3	500	443	483	338	318	74	389130	73681	226873	210588	184466	146789	547	527	795	397	218	207	10	0	2	0	8	24	26	0	28	24	3	2	7	3	18	27	25	19	46	0	0	2	11	4	14	0	31	0	3	7	8	0	0	2	5172	1271	446	0	0	0	0	0	2	1142	17	18	3	5	7	0	0	0
49319	0	2	36	36	34	28	28	11	180	39	57	118	125	55	107	113	203	111	108	137	0	5	5	3	0	5	10	0	8	12	14	13	8	2	12	11	8	9	8	0	8	0	8	5	6	0	0	0	2	0	0	0	2	4	6	0	0	0	2	0	4	5	0	140	6	2	3	2	0	0	0	11
105219	0	5	186	0	117	342	36	18	143	36	73	56	36	58	82	133	112	58	104	27	23	12	4	10	6	18	10	0	8	13	7	7	18	8	8	17	18	8	17	5	4	11	6	8	25	21	9	10	9	2	4	2	17	6	3	0	0	0	3	11	0	0	0	74	5	7	4	8	0	7	9	18
2984843	0	15	7	12	134	43	55	28	241	73	82	59	213	38	515	566	755	462	552	671	10	30	40	15	6	3	7	0	18	12	5	4	19	0	9	15	170	93	83	0	6	3	4	0	8	0	3	0	0	4	0	0	15	11	9	0	0	0	0	0	0	0	0	45	0	5	6	4	2	4	0	17
59779	0	9	30	9	7	175	12	9	6775	1898	3849	2403	4063	1832	1230	2103	1744	1335	780	760	6	0	4	0	15	20	20	0	8	19	19	9	16	0	121	42	15	14	6	0	0	6	0	11	5	0	3	0	0	0	0	0	6	0	76	8	7	0	0	0	0	3	0	66	2	5	4	6	7	13	3	87
88688	0	8	173	167	181	183	125	16	167	48	70	84	158	37	265	434	274	224	208	211	12	0	10	0	6	4	10	0	9	17	2	11	13	0	20	4	27	47	5	2	2	3	0	3	2	4	0	0	6	0	0	0	3	0	17	3	2	0	0	0	3	2	0	454	7	13	0	3	3	0	2	7
37637	0	0	2435	2568	2049	600	2483	184	11	10	8	5	7	5	1437	2184	2009	1576	466	726	17	2	23	8	2	6	0	0	64	23	80	33	43	7	0	2	6	2	0	0	31	28	13	0	43	3	3	0	12	3	2	0	10	6	0	0	0	0	0	0	14	5	2	8269	103	95	0	3	0	0	0	0
1795	0	0	556	569	444	143	353	63	120	62	67	91	122	67	223	293	308	232	151	151	7	6	18	6	5	2	15	0	28	12	32	15	0	0	21	3	79	45	0	0	10	2	3	0	7	0	2	0	10	2	2	0	3	3	14	0	0	0	2	2	10	6	3	1217	37	11	3	3	0	0	2	6
339	0	0	118	153	99	117	101	18	25935	10083	11974	10607	21364	6442	267	373	288	274	234	264	17	5	14	14	730	178	2011	0	33	10	24	6	27	4	0	6	103	93	938	830	70	3	0	123	17	0	391	2014	32	2	0	6	4	2	1432	115	73	111	165	210	6	5	0	381	4	7	0	2	0	0	0	5
