	taxid	cluster
0	1017	0
1	1018	0
2	1019	0
3	109328	0
4	1316593	0
5	1316596	0
6	153493	0
7	1547448	0
8	157687	0
9	157688	0
10	157691	0
11	1583098	0
12	1655	0
13	1656	0
14	1659	0
15	1705617	0
16	172042	0
17	1750	0
18	178339	0
19	1785996	0
20	1848904	0
21	1851395	0
22	204	0
23	2047	0
24	2490855	0
25	2528037	0
26	2545799	0
27	265175	0
28	2708117	0
29	2718	0
30	2744574	0
31	2755559	0
32	2789425	0
33	28188	0
34	2820817	0
35	2866570	0
36	2866573	0
37	2917790	0
38	29466	0
39	327575	0
40	40542	0
41	43768	0
42	45243	0
43	502	0
44	505	0
45	52774	0
46	539	0
47	544580	0
48	554406	0
49	61592	0
50	617123	0
51	706438	0
52	712116	0
53	712122	0
54	712150	0
55	712357	0
56	712361	0
57	712362	0
58	712368	0
59	712471	0
60	712710	0
61	732	0
62	739	0
63	76857	0
64	76859	0
65	851	0
66	859	0
67	102684	1
68	1111760	1
69	113107	1
70	1156431	1
71	1234680	1
72	12402	1
73	1280	1
74	1286	1
75	1296	1
76	1302	1
77	1303	1
78	1304	1
79	1307	1
80	1308	1
81	1309	1
82	1310	1
83	1311	1
84	1313	1
85	1314	1
86	1316408	1
87	1318	1
88	1326	1
89	1328	1
90	1329	1
91	1334	1
92	1335	1
93	1336	1
94	1338	1
95	1340	1
96	1341	1
97	1343	1
98	1345	1
99	1346	1
100	1348	1
101	1349	1
102	1351	1
103	1352	1
104	1354	1
105	1363	1
106	1366	1
107	1379	1
108	1396	1
109	1428	1
110	1433513	1
111	147802	1
112	149016	1
113	150055	1
114	1501662	1
115	1590	1
116	1599	1
117	1624	1
118	1639	1
119	1759399	1
120	1811193	1
121	1814128	1
122	1825069	1
123	1839799	1
124	1888195	1
125	1902136	1
126	1917441	1
127	197614	1
128	2021971	1
129	2173853	1
130	2382163	1
131	2490633	1
132	254785	1
133	2576376	1
134	257758	1
135	2598453	1
136	2598457	1
137	2610896	1
138	2664091	1
139	2686210	1
140	2751	1
141	2759692	1
142	2763068	1
143	2781599	1
144	28037	1
145	2806552	1
146	2819619	1
147	2840371	1
148	2908211	1
149	29389	1
150	2972784	1
151	3020829	1
152	3038077	1
153	315405	1
154	33040	1
155	33945	1
156	361101	1
157	400065	1
158	43675	1
159	44008	1
160	45634	1
161	59310	1
162	684066	1
163	68892	1
164	712623	1
165	712624	1
166	712633	1
167	729	1
168	76860	1
169	82348	1
170	84135	1
171	1056807	2
172	1305	2
173	1470200	2
174	1815583	2
175	1853276	2
176	1853278	2
177	1871109	2
178	1931275	2
179	194197	2
180	2666100	2
181	267212	2
182	2709396	2
183	28091	2
184	28449	2
185	287	2
186	2912188	2
187	2912675	2
188	2937985	2
189	2972775	2
190	326522	2
191	326523	2
192	46125	2
193	47671	2
194	483	2
195	484	2
196	485	2
197	486	2
198	487	2
199	488	2
200	489	2
201	490	2
202	492	2
203	493	2
204	495	2
205	496	2
206	607711	2
207	607712	2
208	640030	2
209	641148	2
210	655307	2
211	87883	2
212	114527	3
213	1177574	3
214	1660	3
215	1852377	3
216	199	3
217	2663009	3
218	2682455	3
219	2682456	3
220	28132	3
221	2899133	3
222	39777	3
223	39778	3
224	423477	3
225	46124	3
226	470565	3
227	52773	3
228	652716	3
229	860	3
230	1217282	4
231	1219	4
232	1501392	4
233	151276	4
234	1642646	4
235	165179	4
236	1796646	4
237	210	4
238	2133944	4
239	214856	4
240	2364787	4
241	246787	4
242	248315	4
243	2518971	4
244	2530390	4
245	2606626	4
246	2685834	4
247	2691580	4
248	2715212	4
249	2801997	4
250	28111	4
251	28112	4
252	28113	4
253	28118	4
254	28119	4
255	28123	4
256	28124	4
257	28125	4
258	28127	4
259	28128	4
260	28129	4
261	28131	4
262	28133	4
263	28135	4
264	28137	4
265	282402	4
266	28251	4
267	290053	4
268	2913614	4
269	2913616	4
270	2913620	4
271	2913621	4
272	291645	4
273	2937774	4
274	322095	4
275	328813	4
276	329854	4
277	34105	4
278	357276	4
279	36874	4
280	387090	4
281	387661	4
282	393921	4
283	397865	4
284	46503	4
285	46506	4
286	52227	4
287	589436	4
288	589437	4
289	674529	4
290	712435	4
291	76123	4
292	77095	4
293	817	4
294	818	4
295	821	4
296	823	4
297	837	4
298	839	4
299	1265445	5
300	1324352	5
301	1416779	5
302	1493872	5
303	1585976	5
304	1653831	5
305	1871047	5
306	2004710	5
307	2015076	5
308	238	5
309	2487072	5
310	2497456	5
311	2497989	5
312	253	5
313	254	5
314	256	5
315	2594269	5
316	2713414	5
317	2997336	5
318	34085	5
319	373672	5
320	558152	5
321	651561	5
322	1270	6
323	1282	6
324	1290	6
325	1747	6
326	28090	6
327	34062	6
328	38304	6
329	40214	6
330	470	6
331	48296	6
332	573	6
333	1358	7
334	1359	7
335	137732	8
336	1906744	8
337	249188	8
338	2774188	8
339	2778911	8
340	712310	8
341	714	8
342	715	8
343	718	8
344	726	8
345	727	8
346	728	8
347	730	8
348	731	8
349	735	8
350	738	8
351	747	8
352	750	8
353	753	8
354	75985	8
355	85402	8
356	85404	8
357	9	8
358	29391	9
359	33033	9
360	294	10
361	40324	10
362	303	11
363	34073	11
