	SRR23389262_bracken_species	SRR23389263_bracken_species	SRR23389264_bracken_species	SRR23389265_bracken_species	SRR23389266_bracken_species	SRR23389267_bracken_species	SRR23389268_bracken_species	SRR23389269_bracken_species	SRR23389270_bracken_species	SRR23389272_bracken_species
418240	47149	47300	10663	49896	17206	22947	21552	18667	56848	12507
2479767	4178	5558	837	15555	2764	17649	516	3103	11871	585
2877527	239	271	86	267	237	240	26	61	770	583
40520	4098	8085	3933	17809	3335	3867	657	6938	14863	1562
1796616	384	446	184	392	388	298	36	129	792	134
33035	360	513	155	511	536	398	22	157	729	452
1912897	301	429	181	324	269	322	33	111	807	994
1322	296	662	167	413	540	357	16	97	644	966
2779518	222	266	65	90	144	169	10	50	261	64
39485	27567	12583	17775	155	8489	29592	16	658	2334	122
2763672	27089	16063	2063	7049	1455	14299	40	994	7993	314
166486	13016	4680	22542	4584	4631	4494	184	1938	21953	1205
301301	1811	2723	1046	1113	1677	3931	219	737	4243	455
2763062	1436	1066	1193	550	852	1075	43	446	4339	356
39488	11593	5918	4056	8541	5960	6772	146	4077	12536	434
410072	8812	6386	2606	4339	7482	840	465	3714	4649	1191
116085	1077	2268	1574	4263	801	956	122	1003	6693	585
33043	665	506	120	226	208	347	62	84	675	134
751585	261	465	162	667	202	248	10	140	693	59
649756	8314	17753	5492	40007	1746	28391	137	3238	28113	3260
105841	77	111	35	104	75	109	6	31	160	78
1229621	55	83	28	59	51	78	2	32	154	64
33038	5534	1987	1815	2671	2054	3832	286	1387	4711	35781
33039	1087	18390	10617	2223	646	1245	168	4444	18784	57186
46228	607	991	282	705	466	4554	49	3121	20421	955
88431	2342	11865	8061	12286	1323	1607	431	7395	20526	1935
39486	1666	3683	3157	3404	591	3348	109	1188	3983	715
29347	1000	978	674	1137	1998	710	98	267	2457	1600
89153	222	282	77	271	140	173	12	37	271	263
1871021	222	182	70	168	126	157	30	68	348	130
66219	57	55	16	43	48	41	4	26	142	30
208479	764	484	310	1088	1652	644	90	322	597	863
333367	391	252	148	672	333	188	39	162	514	269
1531	228	420	161	322	219	322	43	117	412	451
45851	488	782	141	239	499	385	4	152	877	107
831	154	244	41	99	89	167	19	44	375	50
43305	112	197	61	62	70	102	2	37	298	24
185008	105	219	50	60	68	78	14	38	306	27
2763670	510	589	149	187	275	5582	18	753	666	140
84030	256	412	188	311	108	361	51	61	446	108
29375	127	119	44	61	93	119	16	62	200	118
29370	123	107	38	75	84	120	10	52	153	122
168384	314	376	101	288	246	261	77	108	564	132
1653434	302	182	306	181	2100	632	24	182	323	354
2696063	79	94	31	53	49	57	10	27	121	73
1727145	73	61	25	50	37	54	3	24	127	48
433286	74	101	37	41	61	52	2	29	117	51
3039116	62	97	30	63	48	77	5	11	147	42
2068655	281	409	63	141	139	169	16	42	398	61
185007	197	522	131	71	166	200	3	95	621	54
2490855	104	120	36	77	81	81	12	43	247	86
617123	70	113	34	50	43	38	3	33	144	23
2763667	156	305	126	309	264	179	9	113	616	75
2763669	79	173	46	199	67	152	16	30	186	80
2709410	79	92	25	52	31	58	4	27	125	15
1679721	37	29	3	27	38	42	5	14	81	19
2929492	9970	1806	1754	3162	17414	432	305	705	2218	29
2929494	8302	1681	2023	2928	4696	499	348	786	2095	27
2929488	4462	787	1345	1609	1724	421	179	308	854	98
2929489	2158	1045	571	860	914	642	182	218	1500	75
2929491	1070	1104	2629	1928	1166	1226	200	701	1950	21
2929493	928	6237	688	824	701	396	148	271	1081	37
2929495	1049	1091	8976	7113	2751	4398	627	1697	3433	39
2929490	625	704	675	628	445	310	107	129	1131	6
853	18970	23233	40949	33118	29297	22953	10750	12245	45769	579
411483	1072	1173	519	588	729	316	145	156	1823	93
1160721	16763	93	94	253	72	118	3	383	4020	24
2564099	899	40	40	524	82	110	45	52	323	6
1161942	473	56	97	78	84	105	4	74	179	9
438033	91	207	34	182	108	116	6	37	302	58
2714355	894	940	131	3203	89	516	25	343	2573	26
2714353	523	332	278	727	49	182	12	77	1178	10
292800	904	566	718	2481	3811	628	93	331	881	493
1550024	750	400	350	1994	316	212	33	71	543	60
169435	564	156	145	1684	137	232	41	97	857	97
2093857	353	469	1053	4311	290	435	20	168	2396	114
2108523	314	605	61	1370	206	236	8	70	1015	64
2714358	261	401	232	768	113	165	21	102	526	72
214851	211	1850	1132	1678	71	135	17	437	1284	50
2763056	152	220	133	372	83	79	14	64	754	12
2766537	59	15	17	38	23	31	2	16	77	8
2994078	55	29	11	47	19	22	3	14	39	7
2666138	37	27	14	29	11	19	2	24	71	3
1981510	125	50	44	61	21	167	3	65	632	6
1796620	94	52	13	82	16	30	12	18	96	8
2780922	71	63	69	111	38	44	3	28	125	13
2488810	27	7	5	16	9	15	2	4	33	7
1521	10	5	7	19	5	3	4	3	53	24
2507162	43	32	5	34	10	12	3	11	47	7
2576756	42	27	7	31	9	21	2	15	68	10
253239	24	23	18	41	42	21	2	21	52	4
411486	912	675	345	1144	555	618	185	235	809	275
1042156	115	168	61	91	90	123	6	50	309	23
97138	37	19	12	20	17	14	4	15	42	13
2507159	12	7	3	5	3	11	3	17	15	10
1502	117	120	252	78	51	1438	14	87	170	95
1491	53	39	29	57	51	77	15	93	86	69
238834	20	32	8	13	17	33	4	11	48	29
1501	15	28	6	14	18	15	3	29	58	23
1493	14	9	5	10	8	6	2	8	23	19
704125	13	10	14	3	6	26	2	20	27	5
1534	8	10	3	9	5	11	3	4	43	8
154046	512	588	274	1622	382	690	77	337	564	354
384636	148	141	52	72	67	129	27	37	266	117
461876	8	11	7	2	6	5	17	12	11	2
2576307	10	4	6	5	4	2	2	3	21	26
3036945	19	13	5	24	15	11	2	5	27	9
1496	1441	1988	749	1368	717	793	148	399	1898	583
89152	18	13	10	15	15	25	3	9	47	48
1505	5	6	5	4	6	12	2	10	17	26
39496	455	1526	515	465	3697	229	16	137	1427	178
2841037	138	151	42	137	98	115	7	36	205	148
2841528	119	210	55	119	84	508	6	90	299	37
2764325	251	92	90	159	105	67	22	53	554	109
1736	69	60	22	43	12	15	3	13	111	60
2041044	36	21	18	80	27	21	2	13	122	5
1297617	244	212	66	875	92	161	14	93	421	21
2086584	239	177	64	337	153	137	9	74	295	166
2610895	232	181	53	370	271	138	14	64	233	60
1776384	66	33	24	132	14	28	2	12	51	27
114527	22	31	41	22	15	6	45	18	64	119
626937	93	107	17	31	27	81	5	16	80	26
1185412	20	15	22	12	8	14	3	5	30	7
2478954	10298	29	22	49	28	10366	5	13	50	24
100886	6853	65	61	55	25	5970	15	23	129	13
1522	470	237	191	596	259	287	29	297	559	170
1547	396	82	57	205	81	241	23	62	311	419
29348	16	15	4	8	23	13	2	3	95	27
2583452	152	61	41	75	52	239	3	27	72	131
1796635	110	182	89	158	63	457	16	59	271	115
1982626	97	5218	1273	1412	1470	94	12	302	2180	30
39483	91	201	52	689	111	177	25	48	210	42
2944914	28	3	4	17	14	10	4	2	19	47
2487118	11	25	6	12	23	37	15	30	36	8
437897	3930	26	5899	6280	15	13	2	15	14258	113005
971	19	3	5	9	9	34	2	5	21	3
69823	9	28	8	45	3	30	5	7	26	5
626940	1762	851	4	15	13	25	2	12	2000	34
33025	14	76	1204	3184	3031	24	613	8874	44	692
187327	12	20	61	9	7	20	153	2384	18	10
2144175	20	11	10	15	15	30	6	7	298	7
907	14	13	16	13	17	38	3	4	17	9
423477	14	6	254	15	36	251	206	52	18	321
29466	9	11	186	17	19	89	35	40	19	301
2682456	12	4	320	2	40	390	128	13	35	257
2682455	2	3	278	4	29	283	78	3	13	178
39778	2	5	232	4	33	284	52	4	14	166
1451	352	373	311	353	341	364	274	300	403	309
2908839	8	7	2	4	5	8	3	3	8	2
3050112	4	6	2	5	5	5	3	20	13	5
521520	12	9	19	9	14	26	21	25	12	2
189426	8	16	4	10	7	7	4	16	8	7
54914	621	619	597	621	601	604	587	613	612	597
1393	13	8	11	3	7	5	4	5	13	7
1742359	463	463	440	456	454	469	462	436	468	480
220684	5	9	8	2	6	4	2	2	10	5
2912824	5	2	4	5	3	5	2	3	5	2
2756	459	446	437	455	447	449	424	452	449	424
1639	13	19	11	14	11	10	8	10	19	3
1623	64	113	4639	34	26	1558	29	17	203	23
1601	2	2	15	11	10	5	2	2	8	15
1598	9	13	9	7	8	5	3	8	3	17
1304	232	1288	4833	388	3177	6331	5343	4063	1209	889
1316408	11	71	149	12	225	891	383	223	131	107
2610896	8	98	184	12	226	983	548	306	146	102
1759399	4	12	19	2	24	72	128	144	33	51
712623	4	10	18	3	9	23	78	31	3	28
1839799	5	32	112	6	110	273	95	151	73	16
712633	2	8	7	2	29	15	62	27	10	61
1307	73	48	30	34	35	130	9	63	128	37
1336	14	5	4	9	5	19	3	9	16	6
1308	42	41	96	24	45	225	86	110	1590	20
1305	22	42	24	9	38	33	157	86	21	236
684066	22	28	43	23	61	144	83	67	30	35
1328	9	20	91	13	37	16	15	19	44	66
1303	19	23	42	13	47	68	146	140	52	218
1311	59	30	6	19	15	149	7	15	64	89
1156431	13	32	18	20	43	119	432	325	30	174
150055	11	11	21	3	6	315	9	14	24	6
1335	9	6	3	13	13	467	2	11	20	4
2382163	11	14	6	12	16	54	245	123	16	54
28037	7	24	15	5	51	50	143	109	39	633
1313	8	21	37	8	45	33	46	22	17	193
1302	4	13	16	5	55	50	36	153	28	53
113107	4	22	24	2	28	134	95	114	38	45
68892	2	4	6	3	13	24	68	27	8	52
1318	2	90	181	22	325	2884	416	311	214	116
1234680	2	11	9	2	8	31	243	82	5	23
1358	21	60	355	19	3	170	8	7	47	17
1352	149	129	99	416	69	114	21	21	435	542
44008	29	17	13	18	41	42	3	3	18	11
46125	103	102	97	101	103	101	107	104	109	119
46124	2	13	6	2	41	20	124	69	31	77
1260	16	14	21	11	17	12	3	3	13	68
1582259	9	2	2	4	4	3	5	3	5	4
2507161	6	5	9	4	8	5	2	21	18	2
1680	2173	21	3185	9	2957	7	243	2032	231	5314
216816	142	31	4938	76	1102	48	38738	1699	6820	1096
1685	77	56	79	61	97	25	516	42	121	65
1686	64	8	314	4	1060	4	642	54	571	236
28026	46	22	3125	6	938	16	12454	261	8785	4546
1689	6	4	39	2	20	5	17	9	42	36
1694	5	9	10	8	11	6	9	5	16	4
2036	90	84	73	91	78	89	80	83	92	78
43675	32	32	75	15	93	233	556	264	121	524
61592	6	7	7	3	3	2	2	4	2	32
1660	32	169	244	217	169	322	529	138	85	906
52773	2	6	12	6	7	10	28	3	2	28
712122	11	9	33	15	7	2	28	18	9	50
544580	12	57	50	7	17	17	11	45	23	256
1852377	6	12	10	12	11	12	22	5	12	68
82135	15	13	5	17	11	10	2	2	13	17
119981	87	85	79	89	78	81	80	80	93	77
74426	2530	15112	9649	7539	14615	12100	14708	12122	6688	3813
147206	8	27	18	15	138	51	143	14	23	328
33871	4	11	16	5	10	4	3	3	10	2
1382	2	15	6	26	14	20	51	7	10	38
1871022	8	53	4	13	20	17	53	44	34	14
712411	3	23	14	9	13	6	12	18	5	23
1805478	2	18	7	14	27	11	28	18	22	13
133926	2	5	3	7	9	8	10	7	14	9
604330	6	20	6	22	25	13	20	32	24	7
2779519	5	11	15	6	15	13	10	12	11	2
712157	3	9	2	3	14	4	8	3	9	6
1335613	59	50	41	82	25	30	6	40	43	13
471189	24	98	34	760	82	110	12	25	40	18
446660	73	115	1201	358	497	23	11	191	312	20
84112	59	656	44	594	116	252	99	601	104	45
502558	8	30	29	22	11	8	12	3	53	9
2690837	3	48	45	92	33	11	12	21	37	13
84110	21	34	39	49	28	14	9	4	20	5
1907662	16	17	16	87	17	31	11	6	81	3
1531429	11	20	25	14	33	15	6	5	27	2
2734634	4	27	2	18	12	2	7	8	22	4
79604	5	19	18	22	10	7	7	2	18	9
1870985	4	51	23	17	16	14	7	19	40	15
328692	72	70	71	71	70	65	65	71	68	70
46506	62914	2832	2714	47866	12073	1720	214	530	11104	93386
28111	16536	499	270	12102	921	114	74	237	3219	3533
820	16871	2747	2409	21975	6681	1554	852	1639	13511	9645
2528203	1498	182	56	1304	527	175	109	56	941	1405
2763022	290	188	840	224	419	209	129	138	136	402
556259	283	355	319	229	724	66	25	291	191	236
2847299	687	1616	950	358	369	748	3353	1736	112	458
371601	5646	5053	3453	2943	2534	3312	5162	7286	1075	3504
818	3664	5727	9958	26661	3573	4795	12599	12291	4453	11828
2650157	2850	1537	2422	2157	847	1517	375	606	2942	3373
817	18621	8540	6133	33246	19069	6471	361	6167	12016	8785
674529	2420	519	531	1423	841	287	580	895	546	1966
28116	3650	2493	3321	4518	10852	540	2972	5748	3162	4207
291644	1650	3853	220	15155	3888	503	102	278	3782	2576
329854	1110	345	219	9398	406	223	105	349	400	1619
47678	1051	10382	3507	10633	1542	1587	359	2884	1510	3346
291645	931	1009	843	658	540	626	1288	710	247	1125
246787	685	658	248	19851	768	302	620	667	245	955
290053	481	253	159	303	253	186	80	174	134	775
2715212	480	329	270	272	285	210	177	177	171	926
1796613	367	216	68	913	294	127	62	220	236	503
28113	338	166	125	131	339	66	18	37	74	602
28119	255	192	173	141	176	109	107	228	88	613
151276	92	98	73	64	46	32	174	185	15	115
821	69239	25390	10935	40840	2815	5964	13864	7210	22043	119127
387090	2486	1413	2761	1532	4141	752	3913	3111	855	11364
357276	2514	4341	1147	22049	32203	12522	1505	8617	33001	5133
376805	1123	583	347	559	1279	326	417	344	453	3218
823	10859	9395	1733	20579	6830	2334	2386	2909	5802	13004
46503	3645	1485	1371	743	1568	1003	196	217	610	2432
328812	454	440	157	1234	161	224	145	178	164	467
387661	372	126	67	737	3097	45	41	1565	2032	463
2685834	160	110	59	1436	100	136	235	78	72	363
1217282	125	93	61	166	89	86	340	137	50	248
2691580	324	59	570	14	44	403	130	507	16	39
2913621	314	108	534	22	82	430	34	575	11	145
2937774	301	129	630	20	55	677	218	702	9	91
712471	247	30	279	13	12	274	22	335	8	30
2913616	257	96	521	23	78	606	87	766	10	98
2913620	197	107	613	22	88	516	209	749	17	73
28131	1046	1320	781	66	118	635	3148	3010	42	117
28132	637	719	1915	98	772	2151	2111	3930	40	137
839	431	364	1265	16	213	1110	434	1276	26	177
2913614	368	166	880	21	121	1092	239	989	28	109
77095	354	420	912	40	403	1658	1549	2204	20	77
52227	349	228	780	27	735	820	293	1097	14	48
589436	323	84	587	67	55	442	133	751	41	128
28129	313	248	801	20	293	1037	402	2352	12	116
28133	367	83	363	33	150	305	240	478	11	61
1177574	248	430	1622	27	404	683	1515	2661	17	91
28125	195	552	602	13	395	683	228	1221	14	156
282402	213	27	588	6	23	453	11	600	12	44
28128	157	186	386	83	112	382	214	1711	5	113
2801997	130	132	355	8	150	978	152	801	9	57
470565	137	278	330	6	127	179	143	471	16	34
28137	105	60	257	23	27	471	160	852	11	40
589437	94	57	169	13	60	235	123	619	7	35
454154	2556	1169	2846	7131	7250	792	322	1020	1354	421
454155	781	320	218	1607	1388	178	31	1062	266	354
165179	1174	186702	213537	162	227361	154706	365213	210324	100	201
28127	608	964	700	56	95	572	2321	2344	10	177
76123	148	75	211	20	12	137	109	330	12	62
214856	1355	569	427	3472	2151	427	417	761	587	454
2585118	1031	423	586	1370	44	203	31	135	853	58
328814	756	2098	103	3078	13	385	6	69	625	63
2364787	474	2658	1445	503	101	930	4538	4258	115	82
328813	409	484	662	5726	93	79	21	59	3256	310
626932	168	448	1632	190	218	690	263	6997	59	40
2662363	156	84	32	278	34	40	11	32	76	67
538949	84	227	111	315	41	107	79	57	144	101
2585119	84	204	159	1109	568	35	4	21	251	48
28118	3195	1210	80	1871	650	108	133	579	1632	155
2093856	1013	184	115	1785	366	40	43	1631	220	84
544645	269	959	34	2718	34	130	42	95	592	178
2530390	150	48	128	304	42	76	25	148	24	148
1796646	105	47	44	690	23	19	50	59	10	75
2606626	109	51	371	47	39	151	391	590	25	13
2518971	100	29	82	127	62	55	4	92	14	106
397865	245	78	187	427	263	134	5	86	99	542
1099853	92	16	97	381	22	8	7	125	442	118
837	121	48	113	30	31	58	234	80	25	62
28124	32	2	21	4	10	9	11	31	3	31
712435	26	16	60	10	2	44	5	20	3	10
322095	19	18	22	295	27	56	32	65	7	32
1642646	162	107	17	68	80	21	59	227	23	139
1642647	42	27	29	18	25	9	4	17	12	73
185300	13	19	3	24	16	10	46	5	7	41
889453	5	9	10	9	6	5	18	4	4	25
1717717	6	15	15	9	6	4	15	52	5	13
3003260	90	80	69	100	76	74	72	85	88	90
1017	2	18	15	3	3	24	4	22	6	2
28251	17	8	7	7	8	16	18	6	7	10
1653831	9	12	5	5	15	14	11	5	9	7
2910158	180	162	215	167	167	180	162	174	175	174
2745947	5	10	32	3	16	3	32	18	3	15
1211326	2	4	19	3	15	4	43	25	7	4
1795355	13	16	7	8	58	11	15	40	2	11
2859768	6	29	49	5	10	45	51	12	11	33
390884	5	5	50	6	21	13	9	25	3	28
258	24	11	13	11	18	4	2	12	16	19
652787	12	12	6	8	7	8	26	4	4	24
2740462	9	7	8	4	7	19	13	9	2	2
2027860	25	58	19	13	30	36	84	27	17	20
1176721	7	13	10	3	3	11	25	10	4	21
1411316	4	8	9	8	26	37	4	17	5	29
995	7	4	4	2	6	6	20	2	4	3
2703787	11	13	6	5	6	14	19	15	10	8
354356	7	11	12	9	3	35	3	5	2	11
573	717	80	10222	140	61	1163	19329	2645	405	193
1463165	15	7	1203	33	11	71	222	81	23	31
244366	7	6	1828	69	4	19	90	77	18	7
562	115	95	4313	85	13459	11486	3075	1398	816	787
550	15	11	299	17	11	53	19	29	74	188
28901	8	21	89	21	36	176	46	24	68	3
582	8	14	11	5	11	16	4	6	12	12
303	39	58	12	64	11	34	96	24	48	7
294	24	7	15	6	6	10	2	5	26	14
316	5	18	14	20	5	14	4	22	23	8
729	215	68	637	8	79	676	1479	49	307	2379
465797	86	105	103	106	110	93	124	109	125	121
45610	32	37	39	40	41	40	41	44	43	42
83771	8	3	14	6	5331	11	11	18	25	6
2494234	268	414	404	208	16	293	303	8	211	1757
1852381	53	91	69	26	3	56	46	3	44	176
1796652	4	11	13	212	2135	3	4	90	47	10
945844	143	147	145	142	133	153	140	136	147	147
2728021	114	125	119	114	118	110	111	115	119	123
29581	103	95	104	106	106	112	112	111	112	123
80842	37	42	35	34	34	39	34	32	38	34
367825	218	230	207	217	208	217	204	197	224	228
80866	283	333	269	344	235	258	229	230	301	320
34073	18	13	23	16	6	6	8	11	17	26
37448	14	15	18	20	17	17	18	17	14	19
76731	141	148	139	144	143	137	152	142	143	160
215580	78	101	84	94	72	94	77	76	81	98
1296669	194	211	201	206	198	195	204	188	207	234
2041385	291	299	275	301	280	286	256	272	300	277
1325095	58	58	66	69	56	60	54	60	72	71
290	85	87	86	79	87	80	80	82	90	85
151416	55	54	55	60	56	60	54	54	62	60
135719	115	115	103	132	88	124	88	106	125	106
901	685	57	11	86	84	7	4	55	1212	10
239935	100	407	79	32	28	98	31	54	515	23
197	48	275	62	51	152	152	4	110	172	51
