	taxid	cluster
0	1028416	0
1	2904119	0
2	2904120	0
3	2904121	0
4	2904122	0
5	29433	0
6	2953752	0
7	3043330	0
8	334543	0
9	34061	0
10	34062	0
11	386891	0
12	476	0
13	478	0
14	480	0
15	861445	0
16	108981	1
17	1270	1
18	1282	1
19	1290	1
20	13689	1
21	1517554	1
22	1549858	1
23	1560345	1
24	1747	1
25	1813468	1
26	1886	1
27	1961362	1
28	2202825	1
29	2202828	1
30	2219696	1
31	2565555	1
32	2603276	1
33	2653203	1
34	2681549	1
35	269660	1
36	2708348	1
37	2725684	1
38	28090	1
39	28214	1
40	28901	1
41	2894310	1
42	2899123	1
43	2937788	1
44	2972485	1
45	2984843	1
46	2989821	1
47	3014784	1
48	3018036	1
49	31998	1
50	33051	1
51	334852	1
52	374432	1
53	38304	1
54	399176	1
55	39956	1
56	40214	1
57	40324	1
58	410	1
59	418223	1
60	42239	1
61	424800	1
62	451876	1
63	470	1
64	48296	1
65	487316	1
66	562	1
67	573	1
68	69665	1
69	738	1
70	80878	1
71	113107	2
72	1316408	2
73	1318	2
74	1660	2
75	2610896	2
76	2682455	2
77	2682456	2
78	2759692	2
79	2972784	2
80	39777	2
81	39778	2
82	423477	2
83	46124	2
84	712623	2
85	712633	2
86	1156431	3
87	1343	3
88	2545799	3
89	2576376	3
90	2663009	3
91	2708117	3
92	2972775	3
93	327575	3
94	484	3
95	505	3
96	1302	4
97	1303	4
98	1304	4
99	1305	4
100	1308	4
101	137732	4
102	1379	4
103	1433513	4
104	1655	4
105	172042	4
106	2047	4
107	257758	4
108	2598453	4
109	28037	4
110	28132	4
111	2819619	4
112	28449	4
113	29466	4
114	43675	4
115	43768	4
116	46125	4
117	47671	4
118	488	4
119	490	4
120	496	4
121	544580	4
122	61592	4
123	726	4
124	727	4
125	729	4
126	1902136	5
127	712310	5
128	29394	6
129	37637	6
130	43769	6
