	SRR23389262_bracken_species	SRR23389263_bracken_species	SRR23389264_bracken_species	SRR23389265_bracken_species	SRR23389266_bracken_species	SRR23389267_bracken_species	SRR23389268_bracken_species	SRR23389269_bracken_species	SRR23389270_bracken_species	SRR23389272_bracken_species	SRR23389273_bracken_species	SRR23389274_bracken_species	SRR23389275_bracken_species	SRR23389276_bracken_species	SRR23389277_bracken_species	SRR23389278_bracken_species	SRR23389279_bracken_species	SRR23389280_bracken_species	SRR23389281_bracken_species	SRR23389283_bracken_species	SRR23389284_bracken_species	SRR23389285_bracken_species	SRR23389291_bracken_species	SRR23389292_bracken_species	SRR23389293_bracken_species	SRR23389294_bracken_species	SRR23389295_bracken_species	SRR23389297_bracken_species	SRR23389298_bracken_species	SRR23389299_bracken_species	SRR23389300_bracken_species	SRR23389301_bracken_species	SRR23389302_bracken_species	SRR23389303_bracken_species	SRR23389304_bracken_species	SRR23389305_bracken_species	SRR23389306_bracken_species	SRR23389308_bracken_species	SRR23389309_bracken_species	SRR23389310_bracken_species	SRR23389311_bracken_species	SRR23389312_bracken_species	SRR23389313_bracken_species	SRR23389314_bracken_species	SRR23389315_bracken_species	SRR23389316_bracken_species	SRR23389317_bracken_species	SRR23389319_bracken_species	SRR23389320_bracken_species	SRR23389321_bracken_species
418240	47010	46906	10558	49520	17117	22735	21471	18508	56861	12484	19875	19586	29673	72216	28333	35007	54062	72070	25081	29247	29621	41937	14227	10568	19936	6709	32810	33465	40402	23628	48894	14622	20895	27085	16727	14364	32631	8873	11595	71636	19961	28248	20038	33471	53686	40289	29198	21664	10685	30937
2479767	4171	5510	834	15443	2767	17469	511	3065	11875	585	8811	1919	6892	6555	2570	4213	15397	1505	10213	11928	827	1659	3130	1863	12696	7787	4862	5066	7212	2820	2250	742	1775	1863	7589	8372	4613	2536	1239	1606	6988	14150	3697	740	3602	1947	7506	6114	5899	1047
2877527	238	269	83	267	231	238	26	60	770	583	219	776	292	223	471	476	1138	381	263	215	726	495	544	260	328	394	638	615	416	255	405	145	134	323	274	200	415	206	200	597	313	325	196	373	473	196	253	405	191	280
2860051	4460	1871	0	13470	0	0	0	0	11462	0	3236	0	6733	3396	4113	2736	0	0	4337	7722	1931	3008	2861	2117	0	2123	2796	1928	2874	1851	2005	0	2292	1304	4389	1958	0	2547	1883	2154	2871	6584	2710	0	2605	2310	4712	1922	6031	0
40520	4088	8021	3893	17647	3322	3830	657	6880	14866	1561	9119	4012	8640	15723	20921	12012	7347	3592	11853	5758	2812	5618	2654	3707	6350	2098	5807	3125	7417	11843	4143	1990	4951	3136	11040	3024	3786	4934	5285	3401	7095	16639	7735	3310	7448	13980	14506	7980	8587	3141
1796616	384	445	182	392	381	295	36	127	792	133	401	504	413	396	399	613	498	659	382	656	297	588	498	655	433	282	437	577	352	275	461	125	178	162	392	274	483	322	253	535	461	522	215	2205	447	345	468	538	346	257
33035	359	510	154	507	535	393	21	157	729	452	296	1152	397	440	584	555	768	631	419	433	321	718	824	533	1040	219	706	606	367	307	456	340	228	501	422	340	598	399	293	497	501	544	336	486	461	382	378	523	367	652
1912897	298	425	181	321	269	321	33	109	807	993	311	1647	418	330	1718	571	807	653	364	611	246	1206	1343	343	735	500	948	696	423	207	626	759	262	1140	438	242	914	242	276	3084	724	515	212	320	597	292	394	748	297	815
1322	296	660	167	411	537	350	16	97	645	966	320	2452	316	338	3031	583	785	3451	371	1274	1811	1986	1122	464	1245	291	830	3781	453	266	572	15933	339	4358	418	231	4728	351	391	988	581	564	295	417	848	297	343	570	304	654
2779518	221	265	65	90	143	169	10	50	261	64	174	210	206	227	201	447	96	134	150	167	70	210	152	182	256	89	423	199	180	143	199	66	133	205	173	226	183	142	197	160	251	206	79	106	189	128	145	156	174	148
39485	27496	12488	17654	152	8417	29279	16	648	2335	121	22026	8453	3763	1912	3494	1313	3588	7909	3726	2185	6011	8933	10369	9848	3670	2239	6050	5963	11703	10031	772	3279	5119	153	33710	10706	1698	5576	3245	352	4240	19185	7724	12919	23065	10914	13380	9742	2099	500
2763672	27010	15920	2049	6993	1445	14175	40	986	7994	313	7908	3056	12643	2378	4094	12088	4224	14092	4146	1081	2286	1726	3792	3610	4424	901	1129	1783	4617	18668	1629	544	1705	451	3787	2137	975	6305	4381	604	3242	4139	37396	628	4211	5402	9530	3729	1424	1217
166486	12975	4655	22350	4548	4572	4454	184	1919	21960	1203	6998	9311	11779	3621	7857	6515	10542	3672	4483	8713	5884	24175	4518	4553	70364	20232	6134	6637	4085	4575	9766	1372	8223	15677	11956	5199	5914	17770	7649	2228	16227	13302	9023	6265	22190	4395	12031	19211	5699	6491
301301	1801	2703	1038	1108	1671	3886	219	730	4244	455	4173	2444	3537	1786	2918	3233	1314	3668	2685	2062	1277	3057	1579	6654	2064	2036	3535	2693	4004	2411	4108	521	627	709	3546	2508	1273	2986	4665	929	2440	5489	2537	1799	10762	4638	2841	1756	2219	4338
2763062	1431	1056	1179	545	843	1065	43	444	4341	356	1546	1401	1849	687	876	1366	1025	787	4148	1467	838	2976	3896	1437	3849	1981	1887	1302	641	891	1786	616	724	662	1851	884	960	1633	1653	544	16543	1841	9343	8665	2309	4507	1703	2060	774	1283
39488	11569	5870	4027	8480	5910	6698	145	4043	12540	430	6638	2132	7172	11006	8919	7846	2182	8496	6209	5147	2743	6971	926	3765	7561	951	5323	3608	9140	4497	9065	1289	3812	938	22745	4532	2020	4123	7013	10430	4097	10774	8462	1226	11197	9140	9881	6592	6341	7047
410072	8796	6339	2597	4298	7429	825	462	3683	4650	1187	5602	1388	3942	8140	22352	3038	2005	12093	6444	6635	770	8931	1197	1977	4340	4231	1509	1318	2463	5716	2605	1129	1207	1157	1128	874	9122	3116	2434	996	8154	4424	1685	792	1451	4913	4665	17980	4789	2355
116085	1070	2243	1557	4238	794	949	121	1001	6694	584	2917	1029	2480	4314	2509	3571	777	1431	2825	1068	1042	3134	738	1905	1396	1194	945	1923	2789	1773	1320	817	754	838	2715	4455	1330	1491	2033	940	2847	5863	3586	761	1067	2105	1332	2766	2540	847
33043	663	501	119	225	206	343	62	83	675	134	501	856	849	1351	1461	928	422	216	1089	415	144	513	289	358	434	130	300	468	46794	625	511	121	229	225	492	465	227	1388	36726	183	488	592	976	2217	953	3265	530	363	417	354
751585	259	461	162	658	202	247	10	140	693	59	395	887	1913	7665	6868	737	168	134	1684	302	217	277	142	337	180	185	296	405	3204	2494	350	69	695	111	616	305	116	3314	3234	193	508	1282	2587	11950	802	21375	269	238	468	380
649756	8296	17596	5457	39714	1729	28091	137	3208	28122	3252	4126	29675	3289	35289	23351	5790	37433	9024	4520	6521	5735	18315	2067	1485	3313	20748	13504	3715	12557	1463	21341	1032	1975	792	5901	5336	10562	1576	4590	28616	3580	13161	2109	566	15858	3738	12680	4610	4885	4352
105841	77	111	34	104	75	109	6	31	160	78	95	164	102	71	82	120	98	95	136	145	99	142	236	153	98	66	163	180	134	72	118	39	46	138	130	83	102	92	106	133	107	107	88	419	153	73	163	134	95	445
1229621	55	81	27	58	51	78	2	32	154	64	84	136	78	59	106	115	95	72	98	127	54	133	103	79	123	48	93	107	70	53	116	37	47	34	112	42	88	96	71	77	85	77	80	143	126	56	77	118	110	74
33038	5521	1973	1800	2650	2045	3793	287	1379	4714	35714	2095	19759	2073	2670	8862	3512	12987	6054	1628	3765	2540	3976	25657	4858	5110	7584	10639	15520	1822	1366	2349	8532	4420	22697	2202	1276	13435	2201	1116	39016	2096	2959	1082	4179	6753	1873	2445	12064	1750	8912
33039	1080	18228	10541	2209	645	1233	168	4410	18785	57088	1407	7523	3712	19944	12041	1481	954	1076	8651	10292	16157	32861	846	14984	1802	6803	2103	19746	4914	8168	1746	27045	2129	37659	4451	9069	4847	6709	4144	1806	10858	5143	7302	641	1841	4638	5571	29375	8830	1821
46228	606	982	279	696	463	4509	48	3092	20424	955	1119	709	6075	9261	963	5730	481	17898	4503	8726	506	10336	684	630	654	450	912	770	10227	7554	711	758	577	833	780	568	10919	677	892	684	5134	4090	4741	364	851	9555	695	1050	772	646
88431	2339	11762	7985	12197	1316	1592	430	7328	20541	1932	14530	11894	12515	10498	12905	10241	1596	2153	9179	11563	11751	8945	7663	8658	7034	1210	2657	3849	7771	5991	6391	1863	4635	3399	7465	7289	4137	9604	5563	15958	12860	8870	5214	1118	5902	10994	11197	12299	11477	2308
39486	1659	3663	3124	3376	586	3297	108	1180	3984	712	2787	1143	3855	2973	3303	2280	676	3313	4679	2494	450	4136	3037	3375	2667	4599	1092	1323	2392	1627	2567	1473	4468	3020	2029	4386	1506	3184	1802	878	3771	3003	3075	534	2146	4037	3061	1266	1717	1018
29347	998	966	667	1128	1974	707	98	265	2457	1593	1077	1410	739	810	1235	1041	2591	1127	580	1119	581	1356	1988	1127	1087	720	8858	1363	889	680	549	722	498	1581	839	721	899	508	395	1916	904	1155	473	493	1430	606	681	1397	2312	1706
89153	222	280	77	270	138	173	12	37	271	262	146	237	138	214	249	187	150	224	202	179	148	264	313	132	185	95	585	198	260	95	184	95	83	232	278	166	287	244	106	226	183	216	127	2331	267	318	177	402	245	232
1871021	222	181	69	167	125	155	29	67	348	130	252	432	253	221	446	357	227	254	201	181	117	292	237	159	275	209	312	270	287	136	197	80	117	138	230	230	239	275	186	203	194	232	130	401	280	190	240	252	453	267
66219	57	53	16	42	48	41	4	26	142	30	85	62	146	44	60	79	56	25	95	64	37	96	104	53	45	62	101	68	87	57	146	51	47	24	94	63	93	95	70	34	60	87	99	98	124	57	110	50	53	94
208479	761	478	307	1081	1638	640	90	323	597	862	371	4134	338	697	1004	1173	3546	1335	468	1271	1544	1089	3345	936	889	479	2712	1081	1086	285	770	122	239	1273	822	614	1779	415	279	11562	478	657	322	4475	939	490	450	1157	812	1499
333367	388	249	147	667	328	187	39	162	514	268	381	526	238	675	539	564	751	513	259	474	643	1048	495	284	477	150	465	357	860	231	507	58	96	557	627	363	538	340	189	1007	264	367	490	1766	526	449	318	526	621	336
1531	228	417	161	319	217	319	43	113	412	450	291	581	243	233	409	293	458	263	234	328	203	448	305	374	657	249	553	534	510	179	526	65	85	385	411	263	304	254	156	707	195	422	226	272	467	300	262	454	395	245
45851	487	773	141	237	493	382	4	149	877	107	681	742	715	294	296	684	279	393	881	474	250	635	363	320	765	473	413	679	445	411	532	206	287	170	774	401	292	3485	665	179	667	689	674	589	1203	364	830	420	530	558
831	154	240	41	99	89	165	19	44	376	49	201	360	199	79	141	295	177	53	255	180	80	187	136	154	123	89	173	222	164	136	155	74	98	65	257	156	139	217	291	64	296	251	176	159	425	128	215	95	197	102
43305	112	193	60	62	68	102	2	37	298	24	160	417	196	85	95	247	131	68	176	147	52	191	73	157	99	75	112	181	99	129	146	49	61	37	191	131	97	138	254	61	230	250	139	100	327	103	162	89	179	121
185008	105	217	49	60	67	78	14	38	306	27	184	369	188	49	79	313	122	62	191	162	78	199	84	154	89	98	134	248	101	118	210	82	81	35	218	162	137	166	252	30	248	241	126	117	363	89	218	68	197	113
2763670	509	586	148	186	273	5524	18	742	666	140	515	723	9795	4275	2169	19749	417	409	1892	435	139	650	704	302	581	546	356	656	15284	3552	483	187	162	181	40854	303	231	6474	985	258	960	4971	2896	274	836	4790	713	462	475	368
84030	256	408	186	311	108	355	51	60	446	108	320	177	263	142	215	260	279	229	308	208	211	264	188	555	517	92	641	391	199	606	345	71	231	272	495	298	146	190	143	263	385	273	134	90	375	140	591	187	283	387
29375	127	119	44	61	93	116	16	61	200	117	145	210	133	69	103	191	136	100	157	142	103	201	132	102	159	87	168	152	103	83	219	58	50	65	139	94	138	123	115	134	132	140	110	85	209	81	101	127	96	130
29370	123	106	38	75	84	119	10	51	153	122	99	159	132	71	135	183	133	113	115	130	89	180	135	116	162	108	161	103	98	84	257	37	47	55	135	58	186	79	87	121	105	126	89	68	147	89	105	125	91	115
168384	314	374	102	287	243	259	76	106	564	132	302	376	318	425	429	401	205	364	314	280	132	376	210	225	663	179	456	262	478	285	426	98	136	126	511	231	318	262	218	263	304	481	201	208	435	272	288	450	312	297
1653434	301	180	304	179	2086	625	24	179	323	352	188	1182	214	235	1222	304	273	175	221	255	157	307	326	160	260	114	579	267	235	194	273	168	139	420	245	152	350	191	175	349	259	256	177	437	332	245	282	420	241	4537
2696063	79	93	31	53	49	55	10	26	121	73	100	81	114	54	92	114	89	72	136	87	47	124	96	64	100	51	136	102	80	58	102	59	51	60	94	69	112	91	52	71	71	86	73	84	97	82	100	97	71	89
1727145	73	60	25	49	37	54	3	24	127	48	87	90	130	41	78	83	52	46	125	84	44	126	86	61	89	37	94	77	77	65	95	48	77	27	114	55	82	96	76	55	95	97	61	91	108	68	107	56	77	84
433286	74	101	37	41	60	52	2	29	117	51	93	133	94	42	52	117	66	35	97	81	41	123	103	59	106	37	106	98	78	56	76	37	45	38	97	64	68	107	85	56	108	127	79	77	114	62	93	114	76	75
3039116	62	95	30	62	48	77	5	11	147	42	87	135	108	44	94	154	68	46	106	85	57	129	83	70	84	55	114	128	91	68	95	56	55	42	135	75	84	86	94	59	103	105	108	90	157	71	63	86	82	53
2068655	281	406	63	140	139	168	16	42	398	61	216	263	240	227	218	416	94	155	182	154	79	213	114	212	214	114	455	222	281	227	238	102	179	171	237	288	203	159	146	183	339	294	146	109	244	210	152	140	282	181
185007	197	519	128	70	163	199	3	95	621	54	385	1054	500	127	106	937	335	103	250	365	136	364	179	409	166	158	182	456	177	260	285	107	136	75	344	366	106	390	594	47	653	512	176	242	967	172	435	174	394	212
2490855	103	120	36	76	79	81	12	43	247	86	148	162	136	71	136	206	143	102	145	123	55	227	110	92	179	80	118	154	100	122	174	90	77	70	132	108	110	145	115	58	134	133	96	106	183	92	166	133	98	106
617123	70	113	34	51	42	35	3	33	144	23	104	114	128	40	64	140	77	23	101	81	49	134	57	84	66	32	69	126	62	42	86	43	67	22	133	81	97	80	154	28	152	113	60	83	154	55	74	46	94	60
2763667	156	300	123	308	260	179	9	113	616	75	252	548	298	275	435	384	421	506	229	222	86	427	296	252	320	163	454	380	406	283	297	268	98	170	302	291	331	201	235	277	326	390	223	150	497	196	221	384	343	120
2763669	79	173	46	198	67	151	16	30	186	80	97	99	165	121	192	153	79	122	171	102	77	194	105	100	225	99	180	196	237	181	195	29	52	114	220	140	156	132	86	116	81	153	137	63	212	199	169	164	249	88
2709410	79	91	24	52	31	57	4	27	125	15	86	63	131	101	101	89	37	54	98	61	51	77	48	50	55	49	95	65	169	86	93	21	27	18	161	71	53	117	69	50	86	95	75	53	93	92	80	84	150	52
2785025	76	85	21	50	37	58	0	21	117	52	88	109	107	43	76	121	57	24	121	111	48	107	137	47	84	46	110	113	69	46	147	65	55	40	113	60	149	85	67	45	88	117	78	89	149	78	97	91	65	107
28446	62	61	11	55	64	40	0	27	68	14	28	32	52	55	61	55	84	56	53	37	29	146	177	49	69	21	110	58	57	47	126	9	25	32	27	60	34	50	33	71	52	90	31	33	27	50	80	108	33	90
1679721	37	29	3	27	37	40	5	14	81	19	58	59	75	29	36	73	22	28	75	40	26	60	26	32	52	34	64	44	54	28	96	15	31	9	66	54	72	64	59	24	55	65	34	54	93	43	69	36	64	40
2934315	23	13	8	22	11	14	0	2	35	8	16	25	17	13	14	33	26	7	19	16	10	21	13	9	4	4	32	31	32	17	24	6	7	13	33	23	26	20	15	20	21	37	17	20	14	17	26	23	36	16
36835	9	7	2	8	11	5	0	0	22	20	11	9	18	8	29	24	7	2	10	20	6	9	22	12	33	2	11	22	13	7	376	11	7	9	15	13	28	21	16	2	9	25	24	22	15	10	13	11	24	7
2929492	9943	1787	1737	3138	17287	428	305	697	2218	29	4097	105	1479	2232	1284	4235	588	675	11418	526	9523	441	128	468	139	129	10372	2300	1189	13665	2298	1134	1080	294	3658	1275	351	1548	1067	165	1801	2780	5021	654	1225	5881	3772	592	5265	7514
2929494	8285	1666	2011	2903	4648	490	346	779	2096	27	4804	71	1384	1521	1083	5421	251	495	7183	662	8404	388	133	663	331	98	9590	2539	923	13389	1851	976	1112	423	3951	1150	245	1793	1133	151	1973	2612	4576	512	1066	4734	4019	386	1911	8878
2929488	4446	777	1328	1597	1706	415	176	308	854	98	5788	295	1022	1147	697	4537	274	264	2926	342	4331	392	138	377	148	73	4459	1231	543	5908	1174	524	768	230	2866	605	119	1453	1195	192	1302	1600	2133	443	644	3055	2884	565	988	5870
2929489	2153	1035	565	855	905	635	181	218	1500	75	5492	146	1399	1912	4636	1557	411	725	1438	3303	6264	322	85	752	108	104	1650	1430	1122	1428	7130	709	1112	400	2579	780	390	2063	1169	173	3037	6811	983	293	5200	1857	2784	469	1734	1178
2929491	1069	1092	2612	1909	1156	1217	200	695	1950	21	2248	56	2271	1209	2061	2981	286	209	3989	283	4521	252	73	522	63	63	2231	569	804	1901	2821	190	387	107	3644	2455	167	1060	2118	81	1666	1313	2196	276	1016	2956	2943	659	931	1259
2929493	926	6185	680	819	699	392	149	267	1083	37	1242	75	1700	7001	1071	1514	380	437	5600	429	977	404	133	339	127	87	1378	450	1044	7271	1424	226	258	334	1074	1178	214	769	752	106	1828	1278	1382	31388	941	2343	1476	480	765	809
2929495	1043	1080	8923	7059	2724	4354	625	1686	3433	39	4290	56	5982	1778	5322	4498	364	424	5842	435	1350	208	104	388	120	61	3187	603	1205	4223	2117	187	460	337	11010	4654	246	2442	2158	67	4419	1971	2475	760	969	5164	3761	2750	1317	1237
2929490	618	701	674	623	444	303	107	127	1133	6	2540	36	823	987	2875	1088	289	267	1047	2030	3858	175	65	647	201	38	767	1016	817	1130	3460	377	782	255	1941	745	137	1300	1009	84	1689	3691	770	186	2940	1079	1718	193	1088	941
853	18923	23040	40585	32841	29038	22745	10706	12127	45787	579	52087	915	21199	23485	67469	37669	39122	49598	33597	30418	44018	3171	1098	7108	2042	1102	37560	13140	55884	36269	31627	4931	13051	23907	39011	32832	16205	23893	20895	1215	23607	29428	34164	8168	32649	48101	27797	12527	13912	32415
411483	1069	1161	514	587	717	314	145	156	1823	93	5207	205	1511	2543	5018	1769	231	249	1711	4182	7224	314	236	892	1681	93	1080	1551	955	1016	7994	812	1324	145	3456	901	413	2422	2195	242	3448	7981	1089	386	5339	2548	2878	619	2688	579
1160721	16721	94	93	250	70	117	3	382	4021	24	18476	249	3396	3292	172	526	152	40	4985	190	74	100	36	68	61	41	238	143	368	1914	5123	21	29	112	1319	172	43	5382	234	48	114	22255	5526	381	8290	3650	24703	82	1028	39
2831966	2496	0	0	3851	0	639	0	0	0	0	8969	1887	0	5023	4856	6221	2662	0	0	2538	0	12467	0	0	1685	0	1816	1703	4073	1403	0	0	132	1871	3537	0	0	0	550	8039	1315	5558	0	0	1108	0	1027	0	1474	0
2564099	899	40	38	519	80	110	45	52	323	6	54	161	177	47	57	879	287	39	96	282	20	65	34	31	736	26	206	157	475	1710	6916	11	42	396	471	80	35	154	67	121	3632	616	64	113	231	74	129	67	271	29
1161942	469	54	97	76	83	105	4	73	180	9	572	20	238	303	315	418	74	68	405	25	37	95	54	41	55	8	40	37	457	575	57	14	13	27	693	225	16	300	189	43	26	1082	190	347	586	416	206	85	520	21
1264	347	28	33	90	35	41	0	33	212	7	182	69	117	93	96	184	45	26	201	62	27	37	24	31	25	27	43	55	173	112	36	16	20	40	188	111	29	110	86	31	61	292	100	66	128	95	173	35	211	21
438033	91	204	34	182	108	114	6	37	302	58	176	179	182	113	176	184	123	130	134	106	61	192	102	95	211	92	190	130	177	101	187	49	64	57	128	101	172	126	108	92	160	176	98	86	235	110	138	182	195	166
2714355	891	934	131	3178	89	512	24	343	2572	26	3260	47	2053	4144	1767	5697	78	5779	1479	159	496	4741	129	835	492	448	273	312	9347	2506	626	55	61	125	7131	4470	151	4040	1323	1706	713	11716	1746	613	281	7586	2049	3077	4840	2070
2714353	518	326	276	721	49	181	12	75	1179	10	1736	92	920	2168	417	2759	146	322	1222	140	300	347	216	249	340	60	135	67	6986	1115	283	32	126	74	3017	3290	86	2882	867	116	311	980	835	148	147	4044	1333	536	5787	341
292800	904	563	705	2463	3777	622	92	330	882	493	1263	1000	937	1988	1474	2115	1622	1865	631	6157	4042	6455	2287	679	1858	2932	3363	1649	2547	1198	1617	210	1402	3449	2310	2942	917	1754	575	871	384	1749	584	4267	624	1561	878	2954	2653	4256
1550024	746	398	346	1978	316	210	32	71	543	59	817	243	584	849	965	2398	387	1408	331	1109	124	1354	490	876	578	206	364	227	2934	342	359	76	91	1093	935	3001	258	551	276	991	132	631	308	2829	255	957	834	958	2207	774
169435	562	157	143	1668	137	228	41	95	858	96	354	131	282	609	452	594	807	417	320	916	160	1087	187	240	585	193	1038	633	791	460	291	32	45	227	1229	455	835	598	204	724	128	359	269	352	361	405	427	490	549	337
2093857	353	467	1037	4280	290	432	20	165	2398	114	1269	862	1265	4307	912	2655	657	1089	840	2190	892	2887	512	1256	795	225	819	392	4753	1270	1151	83	185	662	1775	5065	290	2966	896	3128	313	2001	1001	1214	197	2873	1527	1435	3864	1888
2108523	313	597	61	1362	203	233	8	70	1015	64	619	72	1162	1140	1808	1665	654	1565	347	1761	547	2987	781	305	1924	29	355	241	1191	372	1993	65	164	3511	1461	1431	166	711	561	300	367	632	320	369	250	2265	465	402	2029	2270
2714358	261	399	231	764	111	164	21	102	527	72	602	94	533	1373	1024	853	265	282	362	1201	351	1354	289	291	354	95	232	193	1640	476	472	22	69	280	1072	1093	48	566	373	223	197	706	398	286	134	1297	441	550	954	101
214851	211	1832	1124	1667	71	135	17	434	1284	50	1296	78	1752	4495	229	982	342	540	720	91	104	1261	264	156	240	243	2065	108	3069	678	1255	180	175	97	966	687	103	1326	418	112	404	1944	727	249	2095	2126	1419	2093	868	295
2763056	151	219	132	368	83	79	14	63	754	12	581	29	505	692	215	967	626	219	348	144	323	227	59	94	172	95	203	120	1951	310	226	38	38	738	723	737	57	848	326	97	126	457	308	295	816	1077	420	192	1032	97
2994078	55	29	11	47	19	22	3	14	39	7	33	19	45	36	29	46	47	20	44	31	10	44	21	21	24	12	27	41	85	37	18	8	12	59	62	35	21	45	38	26	22	46	40	36	45	36	30	60	73	19
2766537	58	15	17	38	23	30	2	16	77	8	62	22	48	66	33	61	22	31	45	23	13	53	14	23	34	5	38	18	89	54	27	7	11	14	86	48	14	83	38	24	17	48	56	43	72	50	44	45	116	28
2666138	37	27	14	29	11	19	2	24	71	3	62	16	44	58	30	65	8	24	47	25	19	42	16	10	37	11	35	22	108	38	24	5	4	9	77	42	9	39	29	23	15	66	51	25	47	59	28	39	86	12
1981510	125	50	44	60	21	167	3	65	632	6	424	90	259	116	137	127	50	141	134	60	40	65	29	328	68	213	100	263	602	74	28	9	6	33	120	50	28	106	132	16	92	148	124	80	94	251	67	59	828	68
1796620	94	52	12	80	16	30	12	18	96	8	123	31	75	148	148	92	32	104	56	42	33	68	52	40	38	16	56	54	310	70	24	9	17	32	175	165	24	104	77	56	29	92	57	231	82	153	99	66	329	28
2780922	70	63	69	111	39	44	3	28	125	13	149	83	121	138	91	179	89	74	108	44	26	287	25	61	92	56	73	100	238	63	57	17	10	137	238	138	31	99	108	76	43	867	84	58	92	129	72	136	372	37
2488810	27	7	5	16	9	15	2	4	33	7	7	10	21	22	13	34	25	6	21	19	10	17	19	32	21	6	34	21	51	25	41	12	26	10	34	23	20	26	14	20	27	20	26	30	11	19	18	16	55	15
29362	21	31	6	28	9	35	0	4	47	5	13	23	15	23	18	29	22	7	19	15	12	15	13	12	5	4	18	23	20	6	36	9	11	13	25	23	9	16	14	7	24	25	23	26	11	8	21	9	35	2
2966552	56	15	14	24	9	22	0	10	56	5	41	13	30	43	27	43	20	26	46	17	17	27	12	17	24	11	21	18	95	33	12	2	5	10	80	63	7	43	25	11	12	42	27	37	21	38	40	29	121	19
288965	13	15	10	17	18	6	0	6	45	11	20	21	25	17	7	36	16	9	27	16	9	22	26	10	22	13	18	22	40	7	20	33	17	5	25	28	31	27	23	13	9	14	25	18	30	14	16	8	31	12
2507162	43	32	5	33	10	12	3	11	47	7	41	13	44	58	20	36	11	40	30	8	20	22	11	16	30	14	28	29	102	24	29	3	8	12	73	43	10	45	21	32	10	39	44	36	35	58	25	39	130	10
2576756	42	27	7	31	9	21	2	15	68	10	48	22	31	52	25	56	26	20	41	24	17	42	14	12	14	20	18	19	112	34	27	4	15	20	61	44	13	46	41	19	16	42	43	36	35	41	37	27	132	36
84032	32	13	16	15	8	9	0	4	35	9	21	15	18	20	14	39	15	5	30	6	5	23	10	9	8	4	20	13	28	23	7	2	0	10	32	13	16	21	13	7	19	13	39	17	24	17	24	11	55	12
253239	24	22	18	41	42	21	2	21	52	4	66	17	64	95	28	88	17	27	62	42	29	35	12	28	37	5	21	14	200	40	21	9	7	14	108	81	7	75	48	23	13	63	51	32	40	94	68	37	149	13
3045146	23	7	6	34	13	15	0	12	33	7	27	12	32	21	17	42	23	15	21	18	11	21	25	12	17	9	24	14	44	21	47	9	10	12	23	20	45	28	20	24	15	34	30	23	26	18	20	18	38	10
411486	912	670	341	1136	551	612	185	233	809	275	595	525	522	1496	1079	2240	763	716	648	849	785	1292	1136	560	1504	744	1051	1019	990	694	558	172	366	501	1119	539	963	617	485	703	797	735	475	740	1656	584	653	721	1203	585
1042156	115	166	61	90	89	122	5	49	309	22	154	181	196	172	292	322	176	151	193	142	58	164	88	149	140	109	191	117	154	108	187	33	81	67	165	135	83	143	201	87	153	199	141	89	246	112	201	167	121	127
97138	37	19	12	19	17	14	4	15	42	13	19	44	23	45	52	48	24	18	31	40	20	62	49	28	40	15	51	29	86	23	85	10	23	17	25	32	38	28	21	35	24	68	50	29	22	30	37	18	43	26
1155388	15	19	3	29	10	16	0	8	20	27	33	109	63	92	72	31	28	21	29	26	9	54	19	33	16	13	20	52	46	28	13	27	49	49	22	32	18	34	69	12	79	14	41	175	12	48	56	54	41	16
641107	16	50	5	22	7	7	0	7	19	16	19	28	14	6	15	29	13	5	19	25	11	18	33	12	12	18	17	33	30	16	19	18	27	17	20	20	40	25	16	12	15	18	34	21	34	25	17	17	35	8
2930219	13	6	4	13	11	16	0	16	30	5	35	25	32	9	12	28	6	6	30	25	9	36	53	13	5	54	17	46	36	18	10	23	36	13	46	18	62	50	11	10	18	32	54	19	8	37	27	16	53	8
1502	117	118	248	78	50	1423	14	84	170	95	114	103	330	410	154	293	281	44	818	212	153	115	686	132	125	389	102	168	254	72	358	6126	114	69	262	71	2157	130	64	74	153	143	123	293	72	1646	328	203	189	135
1491	53	38	28	57	51	77	15	93	86	69	56	67	75	41	52	96	71	30	110	105	26	57	129	65	52	161	80	110	123	40	132	53	137	71	83	54	274	98	36	60	62	79	120	46	57	77	94	66	148	27
1529	37	26	29	13	18	34	0	21	48	62	65	91	30	56	14	23	23	18	42	69	16	60	60	30	18	37	107	32	100	24	44	20	27	17	43	33	84	60	22	23	27	60	47	30	56	53	75	37	83	17
182773	39	6	4	6	12	11	0	42	24	17	26	44	19	12	19	12	13	9	37	60	6	18	23	6	11	119	7	31	74	25	32	12	51	14	54	14	67	55	14	11	15	11	40	19	10	36	58	20	73	16
1520	39	34	6	12	20	20	0	19	74	27	42	43	30	45	26	65	49	14	63	33	15	47	39	47	34	89	27	54	53	26	101	27	59	14	45	19	70	53	40	20	45	57	45	37	53	35	56	16	70	39
238834	20	32	8	13	17	33	4	11	48	29	22	28	24	18	19	20	35	6	31	15	11	36	46	21	19	23	26	35	38	19	31	30	28	24	23	25	63	32	20	8	23	26	30	20	33	29	29	22	37	18
137838	17	16	5	15	7	12	0	20	30	15	26	25	18	8	16	37	21	14	31	16	14	34	23	29	14	79	17	18	47	22	65	19	46	17	23	24	86	57	22	14	18	20	44	21	19	37	46	26	61	14
1501	15	27	6	14	18	14	3	29	58	23	17	24	38	18	23	27	17	3	40	28	13	46	34	31	35	31	26	33	27	25	58	21	33	11	25	27	57	25	27	13	30	27	46	39	28	32	28	14	40	19
1493	14	9	5	10	8	6	2	8	23	19	10	25	24	14	12	17	2	2	15	22	0	29	12	15	9	13	6	20	22	11	40	11	16	8	34	14	45	11	19	13	18	12	25	20	15	18	30	8	29	4
2320868	13	12	0	3	10	19	0	23	30	4	33	30	32	8	18	45	21	12	27	25	7	20	23	20	12	48	14	20	38	18	23	21	32	6	31	18	62	36	16	9	32	21	29	17	29	28	49	7	37	13
704125	13	10	14	3	6	26	2	20	27	5	24	15	16	7	8	16	9	5	24	19	8	20	36	7	6	44	19	27	35	15	56	15	25	4	33	11	46	21	6	4	22	19	19	12	16	17	19	17	31	8
169679	14	9	3	21	9	19	0	16	31	11	21	18	16	18	23	34	14	3	20	23	3	12	15	13	4	48	11	23	29	9	72	15	20	16	38	10	38	32	23	8	12	43	29	8	8	15	29	16	32	14
46867	14	2	0	3	15	16	0	29	21	7	15	36	9	3	16	7	9	8	23	26	5	6	26	7	12	142	5	21	78	13	28	17	44	5	29	18	69	48	9	17	11	12	67	7	15	36	42	20	67	7
394958	13	18	5	0	6	11	0	4	35	7	18	47	16	8	5	26	12	2	16	30	2	8	17	17	4	42	19	21	29	12	9	11	23	4	19	18	36	29	38	6	39	21	30	2	37	24	16	14	36	5
36745	12	14	3	12	15	24	0	9	30	19	20	24	22	14	15	19	13	14	32	16	10	20	36	13	15	56	19	24	23	13	32	19	52	24	25	18	67	21	19	10	16	16	36	17	15	28	16	19	49	21
1716543	16	23	0	13	15	11	0	15	35	6	14	8	22	10	16	19	19	7	21	18	7	31	15	23	13	21	19	25	29	12	40	10	23	6	26	18	30	26	9	10	19	17	24	14	29	15	20	26	33	14
217159	12	21	9	4	7	7	0	5	34	11	12	30	21	6	10	37	16	5	6	8	5	13	20	20	2	16	9	29	15	3	49	8	15	7	11	17	25	21	7	5	30	24	12	5	27	7	16	9	28	9
1492	39	41	30	16	50	46	0	20	114	46	80	86	58	48	46	156	42	12	68	61	20	76	56	69	39	104	48	42	79	33	114	21	89	23	82	62	167	79	64	34	76	132	94	66	62	56	97	52	89	33
1561	10	10	0	17	16	26	0	38	34	25	24	35	19	9	25	20	9	7	28	32	7	20	61	30	15	128	20	36	95	13	34	25	88	20	46	23	119	56	32	23	32	35	70	18	8	49	50	21	82	9
1216932	11	2	4	7	12	19	0	15	17	12	12	22	23	13	28	30	14	5	15	27	8	16	56	13	12	49	22	17	39	16	46	27	21	24	38	21	57	34	28	4	21	201	35	13	14	25	30	20	58	14
36845	10	4	0	7	9	7	0	8	21	32	18	16	15	5	17	16	13	5	23	18	4	16	29	13	6	47	15	16	29	3	41	10	25	21	18	14	50	34	18	14	7	9	24	10	7	30	25	8	31	7
1509	32	22	4	7	73	33	0	11	109	22	51	76	44	37	23	121	72	16	56	41	30	65	111	78	58	53	54	54	115	26	73	17	49	23	39	50	185	48	42	24	75	79	88	23	57	44	32	46	96	22
1504	2	4	2	4	18	8	0	21	27	9	8	18	10	4	18	7	6	3	23	20	2	6	25	10	4	100	7	27	57	6	28	19	47	32	21	16	79	70	6	8	23	19	39	6	6	16	38	31	68	16
154046	511	580	270	1609	376	686	77	336	564	354	425	487	371	367	909	610	666	1156	558	504	667	954	761	500	882	295	652	422	518	373	628	260	212	540	781	545	474	440	345	807	378	441	339	963	535	1123	419	845	822	685
384636	148	138	50	72	67	129	27	37	266	117	115	157	156	65	120	165	137	98	135	130	67	187	113	137	161	100	162	134	101	74	223	53	63	58	150	84	122	122	89	95	100	173	90	110	230	82	121	130	89	83
3036945	19	13	5	23	15	11	2	5	27	9	18	6	21	74	10	25	10	11	17	19	7	14	20	13	10	12	16	12	79	18	23	6	10	11	30	24	11	28	28	6	11	17	16	14	21	37	27	14	73	10
2109686	12	6	28	0	43	58	38	17	8	6	122	34	40	0	53	19	9	61	39	30	4	27	128	10	29	0	44	26	8	25	57	7	6	35	16	35	46	34	14	217	13	7	86	0	16	10	5	98	0	51
1490	4	9	16	4	9	5	0	4	21	15	7	18	422	4	14	5	7	2	29	9	6	13	26	27	12	27	5	28	43	9	16	45	24	10	17	3	73	20	18	4	14	18	9	32	13	31	24	10	19	9
1496	1439	1967	737	1359	711	767	150	394	1898	582	1897	1351	1257	1714	3289	1543	1616	1117	1038	1746	578	1222	1279	2621	1717	774	1823	1134	2223	1596	1253	468	487	999	1500	733	1113	1100	511	1337	1945	1746	921	605	1104	803	745	1529	1988	928
2724150	5	4	10	3	5	4	0	11	11	20	11	10	43	3	17	0	2	0	30	8	14	8	10	16	36	42	0	8	64	13	15	43	42	11	6	9	65	12	19	0	24	6	14	30	2	21	21	48	50	11
2708053	6	5	9	10	20	37	0	41	35	92	91	34	61	12	83	5	2	0	185	11	20	13	18	14	57	232	4	30	400	77	59	478	300	59	30	20	198	23	203	0	123	7	44	27	3	138	117	37	138	36
1507512	5	0	3	2	9	3	0	12	9	10	7	8	18	4	8	4	3	3	28	12	5	8	19	13	30	49	10	11	54	14	35	51	35	10	9	6	57	11	23	3	21	5	9	24	3	19	25	27	27	5
1115758	6	3	6	59	38	137	0	182	57	424	188	69	170	21	286	10	11	7	743	23	41	43	10	5	111	864	8	43	1419	269	15	1478	904	145	107	28	623	17	728	0	377	9	138	33	3	477	436	21	515	117
89152	18	13	10	15	13	25	3	9	47	48	30	40	29	12	21	25	31	1255	18	32	17	4284	39	41	32	14	15	5584	30	20	51	6894	1919	27	822	21	7955	29	33	17	49	21	42	29	30	25	25	25	24	21
1505	5	6	5	4	7	12	2	10	17	26	6	8	24	18	15	7	9	4	39	8	6	33	30	19	37	56	15	16	48	10	21	42	25	21	7	4	42	20	19	7	14	16	19	50	9	17	28	27	17	2
2813371	5	5	16	3	17	10	0	5	9	16	19	23	38	15	10	6	5	0	13	8	13	58	25	8	156	265	3	9	30	2	26	10	8	19	5	5	23	15	5	4	22	10	16	51	2	21	79	58	42	49
39496	455	1513	513	464	3661	228	15	135	1428	178	416	496	580	1412	645	588	321	976	602	935	296	4624	1248	274	795	253	642	5278	1974	393	1852	550	216	1738	909	795	339	491	1247	3928	436	890	627	724	543	355	497	1403	1139	305
2841037	138	147	42	135	96	114	7	36	205	148	121	192	159	97	215	157	188	145	155	162	82	193	229	151	139	92	253	177	142	86	194	109	89	160	157	122	216	111	102	118	140	155	95	468	180	140	151	209	212	184
2841528	118	209	55	117	83	506	6	89	299	37	214	246	785	462	323	1388	107	109	417	161	57	186	113	167	143	130	178	203	1119	327	210	62	87	43	2677	136	177	634	297	106	266	560	437	188	384	406	241	137	183	166
2764325	249	90	90	159	104	67	22	53	554	108	154	376	318	644	512	386	252	98	187	1088	250	642	492	796	550	125	310	262	288	445	244	125	219	161	372	255	293	431	177	726	310	200	474	92	206	463	376	298	193	424
1736	69	60	22	43	12	15	3	13	111	60	69	250	49	76	51	154	80	78	44	29	63	83	44	49	22	226	48	29	568	47	36	27	21	37	449	55	152	42	40	36	22	96	27	781	103	72	85	34	350	41
53442	63	31	54	37	28	27	0	6	62	26	39	47	56	156	182	50	58	35	38	54	65	56	30	27	130	33	75	70	62	74	42	81	25	322	159	155	20	67	28	16	19	97	22	46	33	61	24	219	64	52
2041044	36	20	18	80	27	21	2	13	122	5	74	32	85	52	80	72	37	56	24	47	28	74	31	85	19	24	124	48	74	40	69	4	19	20	67	60	39	30	35	27	20	52	38	64	104	73	31	43	404	54
1297617	244	207	62	869	91	160	14	93	421	21	822	51	483	926	296	823	165	233	452	167	325	455	140	193	197	65	297	101	2648	511	187	33	65	102	1487	1127	76	1529	569	392	130	478	325	236	172	1078	471	253	1918	139
2086584	239	174	63	333	153	137	9	73	295	166	219	155	202	205	226	207	137	274	142	162	102	236	194	136	183	80	186	187	285	127	187	87	101	142	361	156	152	145	100	125	130	282	119	151	188	219	117	217	1110	138
2610895	229	180	53	366	266	137	14	63	233	59	370	56	345	468	2352	334	281	1224	213	296	322	1000	260	191	193	70	415	534	725	352	178	41	49	314	371	324	177	465	171	115	98	319	175	383	297	468	353	847	727	241
2697030	32	16	9	10	12	20	0	2	35	4	21	39	23	20	19	21	8	9	20	18	10	11	25	19	9	13	20	21	25	14	18	2	11	3	26	24	24	31	19	8	22	24	15	16	56	22	28	12	56	14
2507160	28	10	4	35	5	9	0	2	21	5	22	17	31	43	25	32	13	13	40	10	10	33	26	20	20	13	7	15	37	21	30	5	8	23	47	34	12	29	13	20	14	34	21	29	7	24	18	10	118	13
1776384	66	33	23	132	14	28	2	12	51	27	58	61	41	72	69	76	245	87	29	38	26	220	74	197	28	16	39	32	95	29	33	20	13	43	153	66	63	53	29	46	33	40	19	754	48	51	56	111	87	36
114527	22	30	41	22	15	6	45	18	64	119	44	43	55	12	26	31	37	22	33	26	125	33	67	26	44	180	8	15	117	82	39	16	71	102	26	51	8	41	50	30	90	13	32	127	35	22	42	30	83	20
626937	92	106	17	31	27	79	5	16	80	26	95	166	61	103	66	518	24	47	44	38	15	108	32	60	82	44	162	38	220	68	25	16	60	98	65	308	19	79	88	35	104	83	95	14	17	57	56	29	217	56
1185412	20	15	22	12	8	14	3	6	30	7	18	25	34	12	17	21	6	13	25	24	8	36	35	24	11	22	23	24	17	13	73	17	25	14	25	19	40	44	20	5	29	32	28	25	24	22	28	15	18	19
2086585	55	64	18	52	16	21	0	12	70	3	64	15	76	108	47	67	20	67	39	13	11	38	26	22	37	21	22	15	211	48	24	7	8	19	232	90	23	109	40	21	11	50	58	38	29	108	83	50	371	18
2478954	10276	29	22	49	28	10262	5	11	50	24	5688	39	9223	106	91	26	22	27	10045	23	14	137	8599	43	13	33	60	59	48	1893	39	98	7213	29	10181	37992	40	32	306	56	4648	46	86	21	69	207	14880	102	7535	34
100886	6838	65	61	54	25	5903	15	23	129	13	3029	45	4949	85	72	65	71	57	5353	30	10	54	5248	34	43	13	107	58	83	10142	65	78	4316	31	5656	20720	57	57	72	61	2888	87	142	45	81	119	8173	37	4915	45
1522	469	235	187	594	257	283	27	296	559	170	367	559	309	651	722	375	414	798	268	1025	555	417	1062	420	401	2060	396	358	958	316	475	195	105	309	678	501	487	608	254	531	565	474	403	1824	329	720	583	539	1667	1299
1547	395	79	58	205	81	238	23	62	311	419	160	1201	181	195	325	248	830	272	111	172	339	168	181	110	354	239	97	99	200	76	189	89	139	758	119	154	2019	102	154	219	143	183	81	3892	191	1261	154	516	208	244
29348	16	15	4	8	23	13	2	3	95	27	7	20	77	133	70	11	12	26	44	30	5	89	25	33	9	10	22	36	59	21	18	32	67	12	31	22	23	22	86	9	46	25	27	77	6	47	46	30	26	60
2583452	150	61	41	75	52	237	3	26	72	130	128	141	246	116	165	114	164	67	90	263	67	138	197	216	112	633	109	791	127	191	184	101	231	290	245	95	200	152	356	172	240	75	103	71	78	197	85	260	263	83
1796635	110	181	89	156	63	452	16	59	271	114	123	129	243	134	183	75	51	67	120	118	152	198	53	475	197	63	290	167	175	162	282	94	165	207	198	122	300	163	123	130	257	219	174	77	136	242	324	127	129	280
1982626	97	5179	1263	1397	1462	90	12	300	2180	30	345	40	277	1888	2739	369	67	1006	455	1524	48	3085	93	789	80	82	2293	1719	1978	121	180	1789	708	85	280	138	85	1062	776	3082	633	961	835	64	3028	1708	96	85	131	865
39483	91	200	51	680	108	178	25	48	210	42	161	94	870	580	224	204	141	163	226	129	101	200	220	721	193	141	112	102	486	538	92	233	555	53	409	448	124	360	723	317	767	250	412	2417	139	683	205	181	292	71
2853432	19	10	10	10	4	7	0	2	14	2	10	8	45	15	22	18	5	10	18	17	3	10	20	32	21	8	6	14	15	28	23	11	20	3	22	22	10	23	24	12	38	21	19	10	23	28	11	18	26	13
2834459	15	18	11	7	15	25	0	7	11	9	13	6	39	20	11	14	9	8	24	5	11	14	14	29	23	11	16	9	15	27	15	14	26	5	23	23	10	16	34	8	28	17	18	10	12	37	12	20	29	4
2944914	28	3	4	17	14	10	4	2	19	47	34	12	40	62	35	6	22	7	24	33	6	41	42	36	8	9	26	15	24	11	11	28	43	23	37	18	40	26	41	26	43	6	23	92	18	37	13	41	30	15
2487118	11	24	6	12	23	37	15	30	36	8	21	24	65	28	35	35	15	13	29	13	9	48	20	23	14	32	24	13	24	29	39	10	34	3	27	14	28	30	34	9	38	39	35	13	24	24	17	16	20	31
1702221	7	25	12	13	9	16	5	0	19	5	22	16	79	37	15	34	5	11	22	9	5	20	21	41	8	17	23	18	36	40	4	9	35	11	32	31	7	29	35	4	45	24	30	9	11	35	7	11	24	10
2735723	46	3	5	4	0	20	6	0	4	10	10	0	38	6	22	44	3	5	5	10	6	65	7	25	31	495	2	0	343	7	11	14	149	8	9	6	0	15	8	2	9	13	10	36	7	28	712	15	95	20
54914	1215	1217	1181	1199	1179	1205	1180	1207	1229	1196	1190	1218	1237	1239	1230	1250	1176	1207	1215	1195	1229	1203	1174	1237	1246	1209	1195	1205	1243	1200	1224	1186	1208	1185	1250	1214	1205	1215	1215	1166	1250	1225	1253	1186	1227	1252	1195	1217	1246	1158
1451	626	643	579	625	606	643	533	585	689	580	653	612	684	688	654	698	581	606	657	635	601	653	634	665	673	631	619	639	746	688	672	569	592	564	727	673	637	677	658	622	624	652	639	621	690	612	635	620	764	628
1406	17	17	10	15	21	8	0	21	34	25	20	26	14	22	7	13	26	6	20	5	28	25	12	12	15	9	15	16	17	26	9	11	14	16	18	12	17	22	58	12	39	12	22	6	11	21	11	23	28	14
1464	42	82	22	20	30	0	0	0	91	703	48	36	180	16	19	56	0	18	24	32	66	44	63	68	54	0	42	132	21	30	123	19	482	0	30	58	27	85	129	25	0	50	198	390	54	26	91	21	50	15
1742359	894	892	893	927	926	916	899	892	938	917	893	935	910	930	936	900	933	884	942	852	922	921	902	947	921	906	912	919	953	933	905	888	938	914	925	918	918	924	958	899	890	925	963	903	932	920	913	884	948	892
1396	77	18	13	22	5	28	0	55	59	94	27	20	73	19	33	30	23	15	147	24	27	30	50	30	54	40	35	30	25	14	110	39	160	12	62	34	63	41	25	24	47	28	151	60	60	37	19	40	50	51
1428	7	26	9	9	5	26	39	0	13	20	24	0	35	0	0	21	0	11	8	4	0	8	0	25	8	78	20	25	11	22	7	40	9	8	9	9	13	53	17	8	0	10	19	20	0	6	9	0	9	6
492670	8	25	25	17	20	44	0	4	0	24	30	67	25	27	9	37	25	0	12	21	0	31	61	42	0	7	0	65	75	15	27	15	14	17	0	58	0	34	39	13	67	24	22	0	43	0	49	0	29	29
1423	31	14	0	15	4	26	0	28	58	7	21	25	10	9	6	37	25	33	13	13	17	22	9	11	34	25	15	7	42	8	5	17	10	16	11	40	23	26	46	0	12	22	58	0	25	9	16	74	48	8
1404	26	19	7	20	44	40	0	3	19	44	38	28	72	21	28	46	34	10	56	12	26	45	53	60	20	23	52	60	37	38	18	24	34	34	42	33	40	35	38	13	43	38	43	25	32	36	22	27	25	7
412384	30	23	0	26	0	0	0	0	73	16	0	0	0	0	0	32	0	0	53	29	12	35	0	0	0	0	0	0	0	19	77	0	21	0	32	22	20	13	32	41	0	0	0	36	28	0	44	0	54	70
2756	882	858	847	861	880	862	844	872	912	898	899	888	914	885	892	937	889	848	918	876	880	882	852	879	884	878	873	885	897	890	932	881	858	892	862	852	865	881	878	882	909	893	856	883	916	901	895	895	910	870
1280	21	0	0	20	23	15	0	14	23	28	78	15	59	32	11	18	17	0	19	25	0	16	31	32	46	38	30	33	33	14	29	67	25	31	23	23	37	29	48	0	53	38	52	12	23	25	21	23	49	25
1623	64	112	4597	34	26	1541	29	17	203	23	103	223	839	53	54	123	38	109	99	154	50	194	26	70	50	57	53	90	194	86	455	36	56	33	144	77	35	102	2817	19	153	243	54	41	284	58	83	96	96	648
1624	13	3	5	20	17	28	0	2	17	96	10	210	65	8	13	26	18	21	16	8	12	28	22	18	229	19	21	10	24	8	1270	79	18	12	56	6	20	12	31	19	200	25	35	15	5	16	18	24	73	14
1583	4	3	498	8	0	1095	123	6	34	0	21	0	14	23	5	9	37	31	53	17	1673	9	435	260	21	7	2	3	244	164	2131	26032	28	12	53	91	7	9	6	3	278	4	10	92	188	17	32	13	2	9
137591	2	2	1654	10	6	84	10	2	5	0	5	0	28	33	98	0	12	11	46	18	5312	5	128	50	44	17	0	2	31	2	477	8949	54	19	36	30	3	0	5	3	242	0	5	8	1164	4	8	6	3	2
1304	232	1274	4784	385	3160	6264	5307	4026	1208	889	211	2789	6338	918	186	1082	4783	837	1458	1152	12216	1386	10432	18	3068	10039	842	145	4811	3003	3624	231	2168	1436	2974	1206	534	183	546	515	2364	545	819	27445	272	699	1428	781	28	185
1316408	11	69	147	12	223	882	382	220	131	107	19	419	477	48	4	15	175	50	40	48	787	67	807	30	157	686	63	3	321	86	81	15	81	34	142	10	11	7	3	7	95	40	17	1643	16	26	194	2	2	31
2610896	8	98	183	12	225	973	548	305	146	102	23	518	627	71	8	33	249	69	47	46	869	96	948	45	133	908	76	9	394	78	99	16	117	36	172	9	9	8	3	8	103	71	22	1941	20	37	209	4	7	45
1759399	4	11	19	2	24	72	128	143	33	51	7	60	68	6	36	4	43	6	23	29	73	13	70	48	12	270	14	12	33	122	6	98	8	104	11	4	15	4	22	63	32	2	0	301	2	18	64	13	0	12
1839799	5	32	110	6	109	272	95	147	73	16	6	57	163	45	7	35	217	37	28	28	272	22	219	0	49	213	33	0	89	47	221	8	87	37	200	24	15	6	12	7	117	15	19	866	6	37	58	21	7	0
1307	72	46	30	34	35	125	9	63	128	37	166	116	75	86	44	50	33	30	85	28	35	53	69	50	46	63	476	314	602	95	34	201	26	21	1318	53	26	116	39	50	87	153	176	129	141	143	101	84	339	78
684066	50	44	60	38	77	153	104	83	54	58	42	107	98	56	47	44	78	53	52	54	150	44	163	48	48	132	49	37	87	52	57	54	62	53	55	44	41	38	45	52	51	50	47	285	35	42	57	41	39	47
1308	42	41	96	24	45	223	85	109	1590	20	20	80	109	5549	29	33	152	26	43	35	188	38	228	20	57	191	22	25	378	47	171	318	78	34	84	31	13	7	17	17	124	20	23	687	39	26	56	75	13	236
197614	82	13	5	51	0	72	5	12	104	148	28	75	77	659	258	47	2127	20	39	32	11	26	1428	8	31	19	28	34	20	57	47	462	36	58	35	83	83	135	48	47	22	64	6	8	65	77	109	2921	198	27
1305	22	42	23	9	38	32	157	86	21	236	8	85	275	28	6	18	11	8	33	13	35	29	126	12	84	103	19	20	57	56	25	58	117	51	76	15	17	10	9	32	65	18	6	103	6	26	19	20	11	33
1328	9	20	91	13	37	15	14	19	47	64	7	42	46	28	31	40	27	11	14	28	31	22	78	11	22	167	15	16	27	30	12	103	24	61	29	14	29	26	101	8	40	15	20	1213	30	19	26	18	24	51
1303	19	22	42	13	46	66	146	140	52	218	4	123	72	18	19	14	68	16	62	30	54	32	98	58	63	167	26	26	39	58	84	96	153	104	33	33	39	21	138	31	54	12	84	1013	12	10	63	26	12	51
1311	59	30	6	19	15	152	7	15	63	88	139	13	78	83	153	51	16	15	47	31	25	113	46	19	28	38	62	10	306	26	0	292	36	13	9	32	37	46	27	40	87	112	85	272	10	25	41	34	69	17
1156431	13	32	18	19	43	116	430	318	30	174	2	371	107	23	55	11	29	5	14	58	112	56	147	8	15	296	46	13	34	170	17	194	71	112	9	28	17	15	19	72	49	12	2	248	2	18	45	68	0	45
150055	11	11	22	3	6	308	9	14	24	6	11	10	14	38	2	2	181	9	24	2	22	17	48	4	12	29	12	9	48	18	22	4002	9	3	11	6	29	18	4	6	98	5	13	12	4	20	9	231	8	19
2382163	11	14	6	12	14	54	244	122	16	54	0	139	60	12	48	0	16	0	12	26	62	12	52	10	7	89	29	5	34	87	6	100	44	69	2	12	7	4	14	46	36	2	2	117	0	12	19	25	0	22
28037	7	24	15	5	51	47	143	109	39	632	0	37	42	34	12	0	33	32	106	51	39	93	102	24	60	134	37	19	13	27	32	151	346	116	14	18	108	8	34	68	39	14	14	137	0	17	30	34	2	44
1313	8	21	37	6	44	33	46	22	17	193	9	173	17	13	9	14	27	6	33	23	12	32	55	5	18	75	24	18	17	18	7	47	114	31	41	3	61	63	5	12	65	13	7	147	146	7	18	15	19	12
1302	4	13	16	5	55	50	36	151	28	53	13	64	109	21	18	11	36	6	10	13	42	29	90	22	35	459	12	8	154	14	30	116	82	29	37	16	13	10	12	30	66	12	7	617	19	5	45	4	16	47
113107	4	22	24	2	28	131	97	112	38	45	0	93	55	13	22	6	45	11	22	22	82	25	82	21	21	186	6	18	46	86	22	76	24	98	8	7	14	5	22	57	35	9	4	311	3	3	46	12	0	19
68892	2	4	6	3	13	24	67	27	8	52	0	51	28	4	3	6	26	5	6	10	20	2	24	36	8	78	4	5	6	9	3	10	21	26	7	11	6	7	4	5	16	7	5	207	2	6	14	2	6	17
1318	2	89	180	22	325	2856	415	309	214	116	7	814	575	53	15	26	225	72	107	81	967	105	1716	98	176	932	70	19	831	95	86	23	151	132	142	17	10	10	29	14	128	70	27	2359	9	46	228	6	3	42
1234680	2	11	9	2	8	31	242	82	5	23	2	115	34	0	9	5	16	2	7	10	43	11	40	8	6	96	18	10	13	53	8	50	23	30	4	7	11	0	6	27	18	4	0	63	0	9	16	20	0	3
1358	21	59	354	19	3	166	8	7	47	17	4	0	13	13	9	9	20	0	11	16	1011	9	21	30	59	106	8	8	321	17	215	2325	32	17	42	104	19	17	23	4	35	9	25	664	23	18	26	13	59	7
1359	13	38	40	187	31	94	6	4	38	0	50	14	32	43	41	62	6	72	86	35	29	18	13	14	6	8	18	18	29	110	14	79	40	5	13	27	8	30	58	18	30	22	40	18	59	41	69	40	42	35
1352	144	124	99	410	65	112	20	21	432	538	471	224	178	279	472	412	241	162	295	263	157	411	356	196	79	73	238	177	544	172	461	1485	101	286	788	262	316	316	77	219	11255	1329	88	212	208	392	316	473	240	307
44008	29	17	13	18	41	40	3	3	18	11	13	59	20	29	30	7	19	15	27	38	5	53	17	40	20	20	48	45	11	21	26	57	31	9	78	101	19	40	31	13	40	72	37	33	39	51	28	52	22	15
1351	22	5	489	19	17	98	0	7	40	123	16	23	23	20	28	17	6	16	19	34	42	31	413	9	53	29	39	27	177	388	30	8696	158	26	17	21	69	16	19	24	466	37	29	213	11	49	8	14	40	24
46125	205	206	194	199	196	201	207	199	209	233	200	200	207	199	199	200	213	202	198	207	221	216	198	198	205	200	201	208	212	205	227	230	238	209	201	198	212	201	213	205	228	199	210	223	202	204	208	206	204	192
46124	2	12	6	2	41	19	123	67	31	77	4	123	66	10	6	8	30	6	16	33	12	14	32	55	19	101	32	22	14	17	17	73	80	94	9	13	19	5	16	2	70	33	32	54	22	14	31	29	10	26
437897	3920	25	5852	6232	14	13	2	14	14260	112781	6	23	844	11	8	12500	9	4125	21	22030	1598	13	18	4564	14809	15	16	35665	14	19	75	856	19037	47094	19	8	29	3821	24	7	14271	234	3401	16	17523	1985	10	14	8	5
158847	20	11	88	35	6	11	0	0	19	228	6	16	14	8	10	66	5	21	11	286	8	14	6	11	36	0	4	112	5	13	20	9	77	96	11	8	7	27	20	2	34	16	23	7	57	8	0	3	16	19
971	19	3	5	9	9	34	2	5	21	3	30	10	81	18	11	20	5	10	57	111	9	12	14	10	38	717	16	33	30	415	18	3	14	23	25	22	12	38	53	8	9	10	21	11	18	19	14	104	23	10
69823	9	28	8	45	3	30	5	7	26	5	24	16	94	44	13	20	7	16	73	117	20	23	7	14	39	773	13	39	71	471	18	8	25	27	24	20	16	76	47	26	11	28	25	16	12	31	42	92	93	11
2823317	1938	1018	2	19	15	74	0	17	172	10	316	4	308	187	22	46	352	19	3838	25	5486	2056	371	443	504	10	21	382	31	78	18	151	5235	6	49	550	481	474	14	15	18	117	3199	23	33	4489	43	251	66	2
626940	1758	842	4	15	13	25	2	11	2000	34	5215	3	5362	2666	15	33	4139	21	3441	12	5227	2427	6235	6761	6722	11	49	7084	46	1196	29	2200	5335	7	39	10245	7235	4686	32	11	33	1152	2621	6	27	4148	12	5811	83	7
33025	14	75	1196	3153	3001	24	609	8790	44	689	24	1866	25	40	4408	4462	25	7842	21	1539	18	120	19	9	40	368	6788	10	17253	101	1151	10	18	5231	8152	10	12	22	12	5520	5097	55	20	12	3165	15	152	50	9520	5814
905	14	17	8	7	0	211	0	2	17	4	13	11	1821	9	16	22	8	6	69	1003	20	22	61	393	10	38	8	8	34	116	11	2	17	10	22	15	14	85	52	7	11	8	12	11	83	13	48	19	118	7
187327	12	20	60	9	7	20	153	2366	18	10	8	7183	63	26	48	44	15	235	17	36	31	10	43	54	49	53	5	307	24	368	21	3	5	9	505	14	23	64	44	2	7	83	10	39	2185	54	1560	17	16	16
2144175	20	11	10	15	15	29	6	7	298	7	24	13	53	40	21	29	11	15	22	84	18	16	14	13	10	34	21	17	48	40	17	5	6	3582	19	24	7	17	30	15	28	45	22	2060	22	34	20	26	60	20
907	14	13	16	13	16	38	3	4	17	9	14	20	1361	16	20	21	15	17	36	9593	3221	12	480	13	18	102	13	867	32	1941	24	3	311	12	18	16	33	1130	55	7	17	20	12	18	95	14	21	52	35	50
423477	14	6	254	14	36	249	206	52	18	321	20	107	255	4	51	7	67	5	47	17	463	9	689	4	51	12611	52	6	121	89	104	341	33	22	7	13	10	11	632	13	318	11	28	2086	8	10	1083	10	6	32
29466	9	10	184	17	18	89	35	39	19	301	17	64	256	2	15	12	112	5	17	21	149	0	755	3	96	2126	11	2	283	31	1284	1378	60	22	13	7	6	17	120	15	335	17	20	1989	29	5	438	2	13	18
2682456	12	4	315	2	40	384	128	13	35	255	29	85	329	0	26	4	57	7	19	6	164	0	831	0	40	1065	14	0	112	95	163	18	24	7	0	3	0	22	36	0	142	0	13	245	4	4	56	0	7	7
2682455	2	4	277	4	29	280	78	3	13	178	21	97	179	3	24	6	65	7	6	0	158	0	637	0	38	955	8	4	78	68	130	21	15	0	0	5	5	6	27	0	143	0	23	232	3	3	55	0	6	0
39778	2	6	231	4	33	284	51	4	14	166	9	89	144	4	72	19	131	5	9	5	234	0	530	14	108	1711	11	0	64	59	196	31	27	5	4	2	4	9	37	0	271	5	47	356	20	10	44	0	7	5
487173	5	20	81	15	79	1210	0	53	14	6	11	17	36	9	11	17	9	4	12	110	12	8	6	12	14	21	13	22	12	668	31	7	9	16	10	7	15	403	8576	18	18	21	9	96	20	9	32	20	17	0
2582419	2	0	4620	0	4989	450	0	26	6	4	0	1453	34	6	0	1694	0	2	0	2524	22	0	10	8	7	6	0	3	12	189	2535	0	0	0	14	6	0	85	260	8	9	7	3	26	5	16	3177	0	13	7
1260	16	14	21	11	17	12	3	3	13	68	14	9	15	11	5	15	19	11	22	9	8	44	30	39	13	10	19	35	18	12	44	6	19	37	25	26	36	21	22	13	18	14	32	7	18	9	12	12	23	17
1680	2161	20	3159	9	2935	7	241	2012	231	5296	56	68044	21165	350	57	58	3	6763	564	35536	14	17	3	13	100	19	51	1915	6901	40	63327	6	79	36	21201	1226	14	1460	3620	71	2634	48437	3682	7187	365	11894	38315	17	90	69
216816	141	31	4890	74	1089	47	38568	1683	6818	1093	99	15804	3842	101363	501	3045	279	114	31	26073	73	3670	169	61	308	4018	666	6552	7468	2157	6530	23	17	1792	1416	9572	40	303	847	514	572	1337	1161	807	1330	1803	2150	1906	222	3680
1685	77	56	78	61	97	25	514	42	121	65	27	740	96	670	38	55	63	100	26	213	25	72	26	60	140	66	45	172	122	38	370	28	24	30	184	508	15	37	37	90	42	168	403	71	67	76	122	84	48	48
1686	64	7	312	4	1055	4	641	54	571	235	116	20199	143	1354	15	46	5	125	17	170	11	35	3	5	24	4	36	135	86	18	1194	24	4	91	398	31750	2	68	147	72	27	567	7971	105	1023	458	314	43	235	90
28026	46	20	3099	6	931	16	12393	261	8788	4540	1038	17764	204	14958	6	5	2	514	15	248	6	7	2	3	263	8	214	2064	188	10	18540	12	3	1338	147	22874	10	329	300	1948	49	929	60614	166	18064	1932	769	684	1378	2544
1689	6	3	39	2	20	5	17	9	42	36	44	338	191	58	6	14	61	26	7	51	439	6	4	7	74	4	0	8	78	10	180	0	0	4	62	236	2	13	99	8	58	170	313	2147	27	29	70	3	22	7
1683	4	3	16	0	40	6	33	12	15	17	13	866	70	56	6	6	3	17	9	114	5	2	6	12	2	0	4	18	29	6	110	0	11	6	78	842	8	14	20	7	22	221	373	14	24	46	66	5	19	5
2036	171	169	158	177	152	176	159	154	174	155	204	158	174	177	177	190	164	159	190	165	176	179	177	188	159	188	161	179	189	182	166	160	163	175	170	170	190	194	169	181	174	170	172	171	159	177	174	180	209	160
43675	31	31	75	15	92	232	551	261	120	521	16	207	98	44	50	15	155	11	93	81	140	10	190	41	59	632	532	11	51	126	28	184	102	64	10	18	28	107	467	39	107	106	39	179	5	38	41	90	0	18
119981	173	170	156	171	159	162	156	161	175	157	160	164	167	171	164	165	155	163	164	167	163	171	155	159	164	165	172	170	173	171	173	164	174	160	162	170	169	175	165	167	162	173	164	161	171	167	160	175	180	170
1660	32	165	242	215	169	318	528	137	85	902	165	564	438	108	153	105	274	156	166	423	259	148	538	301	417	1226	209	102	175	207	54	276	596	506	137	150	324	166	301	286	150	87	44	392	28	144	85	166	143	168
712122	11	9	33	15	7	2	28	18	9	50	4	26	19	5	0	19	5	0	8	17	20	5	11	10	76	7	12	21	13	2	0	37	34	9	23	5	22	9	13	62	14	6	6	21	2	5	13	23	13	18
544580	12	56	50	6	17	17	11	45	23	255	0	53	40	33	0	15	32	12	17	53	71	37	49	42	143	28	20	16	81	15	25	69	88	72	49	8	23	11	14	49	33	13	0	16	10	14	12	13	47	45
74426	2523	14969	9577	7485	14495	11977	14653	12023	6690	3807	11203	15111	12653	43387	34866	9957	2752	12828	11483	11647	16944	9814	4957	3985	20979	4362	12027	22683	6534	8287	2635	4272	10041	11231	3717	13731	2954	8915	4187	4698	6639	14188	5743	106	3984	13271	10737	17994	421	18739
147206	8	27	18	15	136	49	144	14	23	328	29	891	210	124	51	24	59	20	32	1240	22	15	26	7	21	12	70	297	33	20	12	4	13	844	100	52	480	25	38	51	109	38	21	78	149	63	22	30	2553	841
1382	2	15	6	26	14	20	51	7	10	38	13	25	41	4	83	0	51	25	23	6	29	6	37	10	62	59	5	9	28	21	14	11	41	31	10	16	17	9	3	6	14	11	5	34	4	4	7	4	16	10
1871022	8	53	4	12	20	17	53	44	34	13	41	191	73	106	62	53	4	65	86	43	23	32	18	11	18	10	11	39	38	41	19	6	16	30	41	77	20	50	21	8	10	19	14	29	12	76	73	21	99	7
712411	3	23	14	9	13	6	12	18	5	23	18	43	19	23	6	17	0	8	26	31	12	8	12	18	29	18	14	25	26	8	10	8	19	25	42	22	27	18	14	43	22	5	8	20	5	30	20	23	30	5
1805478	2	18	7	14	27	11	28	16	22	13	43	77	49	58	27	21	0	94	111	40	9	13	12	4	15	6	15	25	47	33	6	5	18	83	32	71	37	66	21	5	17	24	17	212	19	85	45	16	186	10
133926	2	5	3	7	9	8	10	6	14	9	27	46	25	33	9	10	3	26	45	17	0	4	5	2	7	13	7	19	38	21	9	4	5	22	18	27	14	28	10	3	8	5	13	14	17	51	30	15	54	12
604330	6	20	6	22	25	13	20	32	24	7	55	44	76	84	42	32	6	41	63	20	30	13	8	6	21	28	18	58	64	31	19	5	17	22	32	74	19	51	19	3	30	25	23	19	21	49	39	33	81	16
2779519	5	11	15	6	15	13	10	12	11	2	28	74	38	32	9	7	3	62	102	28	16	11	11	8	0	8	3	26	31	29	8	4	13	28	22	54	10	46	7	5	8	12	14	43	9	69	52	13	68	0
1335613	59	50	41	82	25	30	6	39	43	13	71	16	121	47	380	378	79	39	36	377	39	336	16	35	32	3	173	76	141	17	281	7	21	234	63	72	22	28	68	28	38	334	32	52	43	65	158	34	137	462
471189	24	98	34	754	81	110	12	24	40	18	178	22	109	134	176	84	11	64	42	106	89	108	48	43	52	199	35	53	142	18	36	22	54	185	95	118	73	86	66	24	94	80	48	73	57	92	75	42	188	64
446660	73	114	1197	357	493	23	11	188	312	20	504	27	933	574	710	129	0	16	110	10	531	2109	15	8	212	9	9	248	545	678	1820	20	25	196	2256	67	26	241	179	12	70	11	182	51	191	122	373	822	209	7
2707299	9	49	110	34	302	7	0	30	59	0	216	9	126	441	88	71	3	17	28	5	72	187	20	10	64	11	6	46	193	83	183	4	14	22	292	59	24	41	83	4	33	13	33	25	22	49	122	90	78	7
84112	59	650	43	588	115	251	99	594	104	45	942	2922	160	252	1347	739	1719	2143	103	2815	172	1779	202	1177	2087	3511	2653	428	355	226	2707	19	156	1786	338	409	259	131	92	1969	211	1699	194	251	362	350	230	305	300	2873
502558	8	30	28	22	11	8	12	3	53	9	99	11	41	26	52	62	6	11	24	5	14	8	20	4	19	7	5	23	60	10	3	6	18	18	44	45	18	23	12	10	21	8	32	42	10	56	16	43	65	5
2690837	3	48	45	91	33	11	12	21	37	13	62	27	75	62	63	43	14	35	18	13	24	60	27	12	46	19	20	26	45	19	76	8	28	33	94	54	20	30	39	35	38	38	25	888	103	95	46	71	125	63
84110	21	34	39	47	28	14	9	4	20	5	55	29	69	58	40	34	0	15	33	19	48	25	56	23	27	16	12	58	71	18	8	16	26	39	68	35	80	52	20	6	19	25	36	19	19	86	55	33	85	25
1907662	16	17	16	87	16	31	11	6	81	3	88	6	143	164	110	121	6	12	65	53	32	73	44	26	85	20	8	80	95	95	36	9	22	146	100	199	76	63	36	13	43	108	102	66	46	89	28	57	113	7
1531429	11	20	25	12	32	15	6	5	27	2	30	13	55	25	28	27	3	17	21	6	11	4	24	10	20	10	2	22	71	21	4	4	16	16	45	38	25	26	35	6	16	8	29	37	17	44	43	28	165	11
2734634	4	27	2	18	12	2	6	8	22	4	31	22	32	28	51	34	0	8	10	9	10	6	10	2	12	6	4	18	31	9	8	7	17	6	23	30	13	16	16	0	16	3	20	13	13	39	20	11	48	2
79604	5	19	17	21	10	7	7	2	18	9	18	16	48	26	28	26	3	6	24	8	12	8	17	5	17	15	3	14	48	20	8	8	15	14	26	28	24	18	29	8	31	10	28	19	25	45	26	7	81	2
2682776	5	30	13	11	14	7	8	0	28	13	38	13	45	59	40	34	0	9	27	8	16	13	18	4	25	21	7	25	62	7	6	3	18	11	36	60	24	28	27	11	17	9	30	28	18	58	24	19	85	4
1870985	4	51	23	17	16	14	7	19	40	15	59	22	67	60	65	60	5	11	30	15	26	13	31	17	38	12	3	21	65	12	5	7	32	5	85	74	19	41	37	20	39	28	38	59	33	78	47	49	118	5
328692	132	126	135	139	128	120	134	138	144	135	142	135	130	141	138	141	133	129	136	140	129	128	141	127	127	135	132	144	151	138	140	118	134	126	134	129	128	143	128	133	135	135	134	140	133	139	137	126	133	135
46506	62727	2802	2688	47498	11964	1706	215	525	11106	93218	5759	185	1203	1803	17038	4168	25272	2183	4480	71237	3450	4057	29016	15351	6997	3741	25748	23200	1131	629	27154	801	1403	32381	25248	407	5440	805	1111	25620	2305	6672	166	11352	19006	999	18672	22299	4490	4897
28111	16490	497	267	11993	912	112	74	235	3219	3529	3394	17423	1281	2257	223	1017	5786	414	339	755	1829	998	2514	2824	4514	730	3806	3599	1367	605	1664	433	452	3945	398	12396	7152	1881	845	3207	656	746	163	4871	2343	401	1569	1905	450	977
820	16828	2728	2386	21785	6608	1546	847	1613	13510	9620	8128	43547	5218	7493	68858	5801	31182	25215	1721	30480	2357	90584	16940	4160	7111	3677	30733	10824	1844	2441	41412	1109	1741	92681	29170	27229	13822	3290	1611	17053	7933	23529	1064	157421	66887	8212	9029	12871	11589	5789
2528203	1491	181	56	1298	526	171	109	55	940	1401	224	800	116	4424	1287	391	1487	1493	149	1869	175	3353	5910	400	1484	156	1885	1638	88	76	1205	227	383	1681	1321	1046	679	129	176	921	216	1383	57	4449	2150	261	722	948	345	1226
2755405	1096	480	50	436	453	142	0	31	506	421	396	427	214	3361	871	297	895	381	110	934	54	1336	601	240	616	212	1369	382	34	124	1273	124	141	1317	650	678	806	169	118	536	218	501	16	1539	1257	222	165	476	116	318
2763022	291	184	836	222	418	202	127	137	136	401	94	52	191	151	2913	249	1095	254	130	290	378	576	2951	447	605	349	598	527	496	469	12474	40	266	261	106	238	425	183	171	19976	597	153	264	840	122	83	162	876	289	422
556259	283	350	317	226	719	66	25	291	191	234	93	25	150	112	923	243	951	444	85	295	68	500	296	200	312	84	477	470	276	145	11086	19	409	192	59	100	167	182	270	10409	169	97	65	862	127	89	133	862	149	736
2785531	831	119	71	766	203	92	0	0	356	305	142	648	130	3298	1584	735	1636	1242	22	1301	187	1827	657	257	296	143	682	1151	76	37	937	43	124	1146	593	612	1402	66	98	404	223	12350	52	4201	1215	465	228	537	443	979
2847299	682	1594	944	358	360	727	3340	1719	112	458	1878	806	534	264	763	810	637	917	475	3464	769	951	686	1160	1312	631	460	782	411	1261	487	657	2283	503	369	793	502	2063	2250	1989	1969	189	1189	1736	296	918	606	707	504	240
2709390	10	57	19	85	156	0	0	143	19	90	11	110	22	26	22	63	167	35	10	98	11	108	52	72	50	43	37	27	270	20	94	6	29	28	48	144	84	0	15	37	70	61	16	93	106	11	18	17	6	24
371601	5625	5008	3432	2922	2502	3281	5139	7230	1077	3498	7490	1079	3497	3737	7837	2808	11746	3139	2768	3698	5373	8128	13466	6953	5049	5454	3270	5959	1981	7901	8116	1696	6003	5595	11090	6081	4534	6069	4673	43068	7541	2059	3441	36507	2003	3123	4850	4030	7768	9754
818	3657	5681	9876	26477	3534	4741	12535	12187	4456	11809	10208	2074	4908	1492	11321	8333	13785	15820	5341	5651	6409	7284	9680	9165	3682	4720	16604	6356	3620	9642	13492	2307	8271	9811	2395	2264	7291	6723	7142	14222	6430	5590	6461	73801	2818	4444	5870	6239	6088	5651
2650157	2837	1519	2401	2137	843	1509	373	603	2943	3368	523	40	314	1303	401	2512	17618	5746	664	1707	387	12257	1967	1668	2596	669	11597	1572	1080	366	846	141	551	2122	187	258	3102	359	551	9077	394	115	147	549	888	275	1202	10464	1094	2370
817	18593	8500	6109	33006	19026	6412	360	6115	12015	8766	11195	28126	4171	10031	15514	16404	15149	9864	5730	29650	3348	13106	38498	16137	21053	25924	42577	9365	9035	8981	2848	1334	1564	18079	13594	10994	39445	11595	6287	28325	8354	10047	4446	32253	12170	13384	7876	32786	10582	24585
674529	2416	514	528	1411	837	282	580	888	547	1966	531	509	1012	378	308	1034	2502	628	471	1446	481	1489	1682	691	1547	2800	1745	2648	261	469	698	155	831	887	496	287	1127	472	662	1929	756	278	410	824	603	382	713	836	792	1453
28116	3639	2472	3288	4506	10762	539	2964	5692	3161	4206	3718	6009	3197	1301	18162	3161	8485	4300	2031	4374	2916	6337	4717	7052	4383	2693	3535	7047	4019	1570	7810	622	2483	4551	2664	1973	2220	1769	4180	19221	4555	3131	2049	10973	1250	1634	2934	8885	1963	10822
291644	1644	3819	218	15028	3838	495	100	277	3785	2567	435	291	293	267	232	720	3667	687	186	882	251	527	3376	414	1241	632	6888	2012	86	168	1465	153	362	1848	2381	472	1608	468	1598	19790	373	1019	163	1089	6177	4750	243	778	5003	1277
329854	1107	342	219	9321	403	219	105	345	400	1616	672	51	338	117	4488	600	1134	232	114	652	292	911	1198	443	1430	298	876	1036	556	147	130	122	195	381	422	1292	601	340	561	271	239	35784	711	534	403	311	1403	552	410	556
47678	1047	10300	3471	10559	1528	1574	359	2855	1510	3333	1019	173	3704	3124	7387	11095	38845	4990	457	10512	3289	9164	7118	2495	8196	1402	8721	4011	7103	1154	9403	180	698	6581	4828	518	18612	690	2928	23357	4478	1906	685	552	27469	9742	2497	5739	4675	21700
291645	928	999	836	654	536	623	1282	705	247	1123	1032	1237	442	543	181	1210	1733	1377	450	718	443	690	1460	1246	1183	494	1089	1342	4178	725	156	393	1208	558	397	364	823	1154	697	560	1042	637	535	6618	308	400	437	909	1416	938
246787	685	650	248	19700	760	298	619	660	246	955	1166	814	297	571	718	637	936	8992	289	800	339	1607	6242	761	1901	888	1149	1104	686	257	632	148	426	492	598	7940	2318	1043	404	438	527	3203	282	671	580	387	538	678	17735	1031
290053	480	251	158	303	252	186	80	171	134	769	178	18	107	376	105	411	567	154	129	366	203	253	975	311	926	323	626	813	19	113	104	151	338	296	92	107	606	204	145	246	310	117	105	1122	265	162	160	2040	121	573
2715212	478	326	268	268	281	208	175	175	171	924	172	40	149	158	178	476	868	339	103	516	182	478	1198	203	775	333	939	939	530	171	345	113	319	299	146	103	657	210	209	1249	307	275	127	890	210	172	138	488	172	720
1796613	365	216	68	902	290	125	62	219	236	503	190	224	141	213	255	351	634	205	61	329	141	377	1232	140	619	438	554	509	105	96	297	140	167	422	168	116	509	95	200	1383	267	260	81	1309	288	130	186	399	211	553
28113	337	164	124	129	338	66	18	37	74	602	243	22	101	139	54	418	314	45	183	311	225	167	716	306	626	280	476	670	24	148	32	88	351	266	52	74	477	158	131	125	316	52	120	252	114	109	161	508	81	378
28119	254	191	172	137	173	108	105	228	88	612	377	43	124	111	62	330	300	295	129	279	209	153	814	404	667	339	502	764	25	152	45	77	390	184	64	84	385	216	173	102	277	54	141	253	187	283	139	416	77	432
2650158	251	130	51	209	182	89	0	58	115	401	121	54	75	105	341	279	534	147	53	272	88	498	930	169	379	147	389	544	110	54	792	31	93	273	163	132	291	55	140	1702	155	88	66	1443	166	101	128	416	243	302
2792859	948	208	235	1277	423	75	0	35	867	973	547	691	131	7194	2213	1658	1627	1109	126	1359	69	3189	3781	352	1192	594	1231	677	159	39	901	130	111	2558	627	1532	1225	189	85	944	271	1495	27	4789	2415	1128	505	1172	559	502
151276	90	98	73	64	46	31	174	184	15	114	33	3	115	21	3	142	260	67	58	99	60	60	264	212	239	126	135	269	2	37	7	47	88	87	21	77	114	160	330	69	33	24	158	60	22	65	34	76	24	206
821	69052	25194	10847	40565	2786	5909	13806	7139	22051	118912	4274	129541	8545	15407	115203	4560	86458	45484	3594	27593	2877	82816	36267	51061	22384	12405	91451	25054	34250	12433	26324	6123	13122	118224	12012	17894	82008	14018	8427	108804	11716	29546	6249	6382	10773	2762	27159	92962	18913	15729
387090	2483	1403	2742	1523	4093	748	3896	3099	855	11339	2009	6973	1713	236	198	4969	5708	41209	1311	5046	1369	976	12816	1460	7853	3957	7410	12072	279	1395	183	880	3209	830	398	614	13850	2252	2163	2653	3270	320	1353	197	276	1421	19979	404	325	8332
357276	2511	4300	1139	21893	31904	12395	1501	8547	33006	5126	11480	17938	1670	12452	2900	26133	27113	12170	4305	16681	2493	21237	25049	2265	3163	1411	3801	3631	1753	1819	103572	2103	1325	20637	3080	1589	4555	1620	3081	25350	7093	5582	1183	4438	63439	26170	1634	9758	1127	37493
376805	1122	579	346	553	1269	325	416	342	454	3210	461	215	328	346	544	1530	2209	443	265	1314	514	447	3863	392	3728	1230	2370	3838	115	361	79	183	848	592	241	143	1591	510	456	1229	738	176	270	271	483	466	509	466	277	1943
310298	1693	529	0	3298	233	86	0	0	134	4689	748	0	170	195	0	2595	15489	258	75	78	1216	83	10414	387	10301	695	98	13587	0	288	0	296	0	334	238	0	1816	95	109	7810	3357	905	0	0	102	0	839	60	146	1110
823	10817	9322	1738	20398	6763	2316	2380	2898	5803	12982	1785	10756	2279	6329	8815	5355	11285	5720	2174	18816	7004	15895	14429	13016	11853	12417	11010	8494	3425	2462	9393	1421	2207	23678	4493	9955	18179	4136	1019	13147	1690	1945	678	882	7536	4053	3486	4192	12794	5916
46503	3638	1472	1362	736	1551	1000	196	213	610	2425	2143	558	2631	4843	6353	2190	3890	269	1443	1093	5620	1194	3081	2812	2396	3068	565	2374	628	748	260	403	529	5720	3970	1851	2778	1436	1584	132	985	1164	717	214	2668	1531	1226	3626	3794	4651
328812	454	434	156	1225	160	222	143	175	164	467	127	1160	155	59	42	310	924	151	90	1571	234	301	550	230	355	422	335	541	357	134	332	74	238	268	224	326	303	216	147	322	202	67	116	2997	136	1198	421	347	244	276
387661	371	126	67	730	3065	45	41	1555	2033	462	212	174	147	95	621	549	397	1547	128	8189	404	113	855	831	933	222	2795	540	371	242	257	44	126	281	507	1630	196	327	624	228	248	434	56	180	309	199	1630	89	337	552
2025876	291	309	860	283	107	23	0	39	64	1707	35	81	197	211	4921	26	71	28	74	502	31	1145	215	91	222	28315	453	879	58	0	332	0	162	2106	150	24	231	44	297	132	75	464	0	359	533	112	76	73	470	269
2685834	159	110	58	1426	99	135	233	78	72	362	112	25	385	77	53	189	1270	81	229	219	107	515	525	126	1115	140	563	1207	53	75	150	74	167	320	68	325	499	130	92	196	101	148	59	1036	44	177	53	99	855	186
1217282	125	93	60	164	88	85	339	136	50	248	50	58	78	38	64	161	339	51	44	177	80	105	290	115	210	124	215	269	28	50	181	18	94	116	57	69	225	106	79	147	111	37	35	902	69	87	73	68	196	200
712710	64	16	56	18	0	12	0	30	5	30	76	3	37	35	15	18	14	16	44	19	92	12	48	127	7	111	20	52	18	82	19	12	70	49	15	29	52	58	36	2	73	5	34	6	6	27	62	26	34	13
28112	65	21	84	21	35	30	0	57	12	47	62	2	47	15	9	53	34	8	39	36	73	16	75	65	66	52	39	63	10	69	6	32	61	45	18	28	57	62	50	15	56	9	40	18	13	23	40	46	21	51
2691580	324	58	568	14	44	397	129	501	16	39	635	0	544	29	12	51	31	16	572	38	1062	15	365	1030	306	806	54	709	22	763	8	177	702	640	15	313	854	615	399	10	1099	10	502	4	8	110	555	186	148	73
2913621	313	106	525	22	82	429	34	573	11	145	710	2	313	23	5	60	61	32	542	76	983	27	279	940	486	539	117	539	17	613	19	139	651	513	28	272	651	446	421	31	784	9	698	14	15	108	452	229	111	86
2937774	301	129	627	20	54	676	215	697	9	91	727	2	381	14	5	38	40	56	651	34	999	18	192	884	418	705	61	531	8	731	2	137	727	534	26	368	641	542	442	14	874	4	792	6	6	135	565	223	110	174
712471	245	29	276	13	12	273	21	328	8	30	374	5	249	37	11	26	33	7	318	17	516	8	155	570	164	364	31	376	12	406	9	101	413	358	24	190	461	291	230	8	506	4	355	4	7	51	343	136	102	42
2913616	257	95	519	22	78	600	86	760	10	97	616	0	482	10	0	62	63	64	678	69	1189	22	288	956	427	653	95	631	9	858	7	176	778	499	25	381	735	605	458	19	1177	5	796	13	6	108	534	250	101	81
2913620	197	107	607	22	87	512	209	748	17	73	653	2	368	11	0	54	56	68	535	50	961	20	210	684	599	439	64	360	15	622	6	130	476	371	27	310	450	478	467	26	885	8	638	10	10	187	384	340	78	125
652716	101	45	133	10	0	138	53	245	0	7	205	0	182	9	0	35	40	34	225	14	246	4	62	253	168	224	6	171	7	230	5	58	193	169	12	123	247	118	121	15	192	10	256	3	3	44	126	84	31	46
28131	1044	1305	779	66	117	634	3134	2981	42	117	1288	20	943	25	23	96	144	100	1060	77	1764	39	491	1484	711	1080	140	943	25	1603	148	246	3368	732	61	690	890	997	1903	86	1849	31	1744	19	54	573	1522	368	181	1418
28132	635	716	1890	96	761	2124	2106	3887	40	137	1766	6	1035	24	16	152	266	456	2036	142	3164	69	480	2020	2617	1429	179	988	47	1918	9	536	1813	764	150	1062	1276	1645	1784	111	2074	44	2852	30	29	566	946	1339	203	475
839	430	364	1257	16	213	1098	432	1264	26	177	1178	16	781	26	13	89	51	127	1037	84	1898	42	303	1443	919	879	135	833	32	1250	12	322	1331	681	91	515	1013	834	927	29	1542	16	1348	12	15	420	777	760	170	258
2913614	366	166	872	21	121	1083	236	980	28	109	921	0	512	18	8	88	60	80	832	59	1613	29	301	1239	667	677	81	655	19	1049	5	283	902	570	47	481	632	727	700	41	1363	10	1077	25	12	264	627	452	167	137
77095	351	416	901	40	403	1639	1544	2189	20	77	865	7	534	22	11	93	116	815	1144	65	1500	30	283	1159	1298	724	70	358	89	1003	17	228	869	772	43	378	380	1082	1178	50	1246	12	1631	9	13	437	508	397	88	658
52227	349	226	774	27	727	813	292	1082	14	48	1005	11	805	63	4	106	55	113	1050	35	1744	15	270	1720	574	1151	64	858	40	1286	21	253	1243	783	56	606	1034	963	781	15	1810	10	940	11	6	219	905	360	174	234
589436	323	82	585	66	53	432	133	746	41	128	733	12	359	38	17	45	43	56	495	66	936	43	198	851	589	554	118	696	7	546	2	139	2607	526	32	318	1726	463	469	73	919	6	603	7	0	169	393	302	100	95
28129	312	247	796	19	291	1026	401	2337	12	116	907	6	764	23	9	59	60	158	989	57	1515	14	236	1065	565	1174	92	574	41	1131	8	290	1010	543	50	502	728	883	575	30	1371	7	888	16	5	204	786	535	232	310
28133	363	83	362	33	149	299	240	474	11	61	413	0	394	27	11	96	124	63	413	64	694	17	163	466	342	857	51	391	6	529	12	142	318	310	46	332	331	711	308	60	804	11	609	18	13	115	413	177	108	45
1177574	248	427	1604	26	399	672	1511	2635	17	91	1379	4	643	5	4	297	66	564	984	43	1594	19	193	1077	637	687	42	503	61	1036	13	516	623	372	84	478	480	720	1330	14	1679	0	1419	3	14	303	1423	458	253	315
28125	195	547	597	13	392	673	228	1214	14	155	594	6	339	6	10	26	34	250	610	28	939	7	141	687	1869	604	27	228	19	626	5	104	859	229	11	329	284	337	478	17	565	5	684	4	16	252	298	669	99	73
28135	180	49	510	18	35	490	77	576	0	71	445	0	272	14	9	33	40	47	534	40	858	8	148	518	615	344	31	294	13	489	3	105	460	274	25	302	388	468	414	30	970	4	661	12	6	145	335	274	73	61
282402	213	27	582	6	23	448	11	595	12	44	616	0	555	27	8	26	35	19	550	20	859	6	184	899	294	491	40	508	9	697	8	184	1820	496	38	310	552	454	362	9	986	2	428	8	5	127	438	239	101	31
28128	155	184	385	82	111	375	212	1690	5	113	503	5	574	15	23	102	48	98	640	92	771	13	139	591	355	1090	31	584	4	1058	242	159	902	394	30	243	335	366	537	17	2889	7	922	10	16	186	1040	146	48	182
2801997	129	131	353	8	149	970	150	792	9	57	439	15	195	10	4	58	54	36	531	40	691	9	116	404	576	281	33	218	2	355	13	107	391	156	28	248	222	273	356	27	566	6	749	9	10	186	200	229	38	89
470565	137	275	328	6	127	176	143	467	16	34	278	3	172	3	2	42	30	124	249	18	391	2	74	380	394	165	17	183	11	283	4	41	519	176	16	178	192	346	254	10	353	0	411	6	6	80	162	154	47	213
28137	104	60	256	23	26	468	159	842	11	40	376	0	212	10	0	41	175	14	286	22	1091	18	125	329	292	162	14	176	4	373	3	57	265	108	12	147	401	189	278	23	440	2	353	5	13	81	159	174	45	25
589437	94	57	165	13	58	230	121	615	7	35	220	6	102	0	6	19	37	7	247	26	471	9	72	281	356	242	31	143	4	252	6	50	177	82	15	157	168	213	224	22	322	5	281	3	5	98	137	154	27	62
454154	2553	1160	2822	7078	7176	786	322	1010	1354	421	1270	45	2638	2160	18	4270	2677	361	1624	145	2479	956	1680	1459	277	2543	6425	6047	24	1251	28	496	1527	14255	1798	3992	5763	4009	1342	56	1890	50	855	46	10195	347	363	2048	2146	5889
454155	780	318	216	1594	1375	176	31	1055	266	353	202	23	337	113	731	869	330	238	360	347	532	354	585	239	397	451	1740	1176	51	109	72	116	636	1824	482	793	859	782	163	226	321	54	186	56	953	131	243	243	287	878
165179	1169	185154	211801	162	225548	153230	363692	208473	100	200	57293	52	85014	4047	56	31614	211	140799	88986	122	117798	49	665	122343	60178	59058	147	1548	8656	123238	36	23940	211337	2749	4977	32417	1757	105903	157379	97	20424	38	84797	20	26	82958	5702	56867	2631	116937
28127	608	960	691	55	95	568	2307	2325	10	177	1460	17	719	34	15	101	304	546	1123	57	1953	26	375	1509	664	1254	63	584	8	1684	7	131	1673	505	22	451	1085	1529	976	46	1440	14	954	43	43	280	388	230	263	202
76123	148	71	209	20	11	137	109	327	12	62	281	5	136	5	2	35	43	5	239	40	480	9	147	339	315	230	24	286	7	271	6	75	246	243	20	195	349	171	215	15	488	2	270	7	5	62	221	153	50	60
2133944	280	20	131	26	35	91	0	126	26	49	324	0	86	16	12	22	48	17	238	36	199	25	136	411	96	489	91	224	11	170	14	136	358	157	12	98	246	227	84	33	212	10	131	12	3	31	164	43	34	54
214856	1352	568	425	3457	2137	420	415	753	587	452	565	10	314	10694	1224	1723	782	4429	433	6486	758	275	1055	1384	2824	469	1040	328	1040	743	706	128	286	162	912	381	340	509	512	299	841	2112	477	457	580	1827	1138	4114	1270	920
2585118	1028	422	578	1358	44	203	31	130	853	58	2001	14	455	1284	2066	3090	1217	788	411	2313	85	178	597	275	446	413	923	308	1536	445	2309	16	121	165	7215	1812	202	362	870	337	339	3804	333	2105	956	1394	805	25	8901	50
328814	752	2079	103	3052	13	384	6	68	625	63	991	57	1272	5283	3115	5632	4610	3602	472	1784	306	544	3371	863	228	190	5253	416	942	351	4674	57	153	45	8241	2753	441	358	1049	29	280	283	801	232	195	2107	1599	42	2912	16
2364787	472	2637	1432	500	101	921	4516	4240	115	82	2141	5	696	382	463	644	190	1251	831	712	837	78	338	1758	179	163	272	979	480	2378	453	439	3621	215	215	448	241	3325	1945	8	983	153	1101	213	379	869	293	239	629	228
328813	409	480	660	5682	92	79	21	59	3256	307	2865	21	630	1825	1207	4042	1295	1115	81	1860	88	407	1720	314	2531	88	839	299	8383	119	616	144	102	1663	1821	1471	888	571	134	4593	132	1288	430	323	7574	5506	275	564	49672	435
1288121	191	253	296	542	32	74	0	99	196	16	337	135	110	1642	918	484	473	506	146	859	162	861	486	166	211	72	395	91	718	211	556	12	103	62	509	477	101	291	110	23	85	756	691	242	444	500	167	113	814	48
626932	168	443	1616	190	218	687	262	6939	59	40	1044	0	102	123	96	310	91	698	977	226	58	79	154	639	71	335	127	57	1877	383	89	238	155	47	137	113	94	1249	342	384	2113	189	870	54	47	3794	590	82	1419	1323
2662363	156	83	32	277	34	40	11	32	76	67	65	0	177	332	126	588	87	527	19	182	37	146	142	42	49	43	101	54	1462	25	66	10	17	63	57	55	45	69	19	30	50	41	86	50	107	99	49	56	1371	38
1470347	130	95	142	433	147	26	0	81	183	12	335	0	17	1149	200	305	564	156	119	219	56	267	242	301	61	109	116	66	174	172	111	5	38	176	1787	22	102	54	512	10	48	298	255	931	38	188	52	105	836	5
538949	84	225	110	312	41	106	79	56	144	101	199	6	30	468	527	437	283	458	40	694	81	64	328	93	130	84	329	144	323	53	239	17	117	60	201	58	100	81	46	10	68	139	42	150	105	351	69	12	390	32
2585119	84	203	159	1100	561	35	4	21	251	48	260	9	687	587	616	529	381	493	33	701	78	1795	345	117	199	40	304	136	975	60	320	12	48	199	490	93	109	89	24	54	75	166	13	261	819	1248	106	23	473	28
28118	3187	1198	79	1857	639	107	131	575	1632	154	2687	262	798	2033	2745	3298	3980	2545	784	622	1748	1261	1935	1230	479	569	2874	959	150	1168	68	70	1158	1116	1579	966	875	3370	970	61	745	511	1493	666	56	1685	2534	1951	3720	1895
2093856	1004	184	115	1770	363	40	43	1610	220	83	263	7	927	80	110	240	307	381	301	504	469	224	415	245	303	1362	467	441	282	1882	211	224	390	671	102	511	1133	552	1794	43	1318	101	802	53	1457	765	1092	294	321	485
544645	266	948	32	2691	34	129	42	95	592	175	779	96	765	1020	20	2015	826	1128	558	1405	322	1291	352	1260	588	224	1131	1058	1343	594	1048	33	203	870	1934	325	962	1234	401	46	123	798	875	7	24	2568	217	2278	829	1194
2530390	150	47	126	303	42	74	25	147	24	148	186	34	72	64	29	96	48	23	148	43	153	10	208	224	272	123	66	140	195	178	124	34	137	96	149	102	156	152	109	4	113	3	115	8	10	101	229	83	36	91
1796646	105	45	44	684	23	18	50	59	10	75	119	5	46	22	28	63	79	11	63	33	125	13	143	236	44	251	54	126	80	115	103	23	120	64	8	83	157	88	78	13	118	12	71	5	15	27	222	22	20	54
2606626	108	51	368	47	39	151	389	585	25	13	291	3	139	17	7	48	33	50	297	8	296	33	151	773	293	485	21	190	60	457	42	61	327	249	13	201	235	422	217	12	382	3	261	7	4	92	347	139	81	31
2518971	99	29	82	125	62	54	4	91	14	106	97	36	36	24	16	128	100	100	95	61	101	36	131	149	88	148	72	129	142	87	59	43	124	70	14	74	138	100	73	23	84	15	80	4	66	64	230	35	16	70
397865	246	78	186	424	262	132	5	86	99	540	200	7	91	141	736	328	226	398	128	695	172	238	559	230	189	268	455	636	61	113	362	45	152	220	129	105	281	180	134	72	217	82	144	93	560	121	192	103	173	942
1099853	92	16	97	381	22	8	7	122	442	118	30	155	25	179	143	600	178	138	18	51	40	2361	175	47	219	100	134	271	564	29	129	7	52	163	162	13	65	28	45	338	68	40	21	15	307	26	75	37	60	1072
1501392	71	114	13	286	138	133	0	19	133	220	54	34	60	169	80	130	294	57	13	177	29	737	474	27	237	121	807	192	23	27	28	30	63	118	251	29	87	47	55	80	162	26	19	42	222	647	43	28	68	267
837	121	46	112	27	31	56	234	80	25	62	441	0	67	12	21	47	71	38	51	42	100	42	95	154	160	75	57	107	27	88	16	53	75	63	48	19	78	79	59	52	158	11	46	9	42	33	67	26	45	238
36874	35	5	20	8	14	3	0	11	4	45	40	0	17	2	0	20	23	7	23	33	36	4	48	45	20	36	26	56	8	25	15	6	46	21	6	13	26	27	17	7	35	0	19	2	2	12	22	10	12	14
712435	24	16	59	10	2	44	5	20	3	9	41	0	43	5	5	9	11	7	53	4	79	0	22	67	15	65	6	56	12	45	7	11	64	39	4	32	70	49	37	0	55	4	52	3	3	26	20	18	13	8
322095	19	18	21	294	27	56	32	65	7	32	35	2	37	9	10	19	51	28	29	4	17	12	37	45	28	83	19	28	9	11	7	11	28	12	23	11	24	22	29	13	24	5	22	7	12	14	26	10	17	23
28123	19	10	38	30	5	2	0	20	2	28	45	0	25	9	6	9	21	3	35	29	40	8	31	49	18	78	10	22	5	33	2	8	27	26	14	17	87	67	13	2	52	5	30	5	9	5	21	12	7	13
1642646	162	107	17	68	80	21	59	226	23	139	61	28	38	11	25	69	25	115	224	74	331	35	130	143	84	367	219	158	33	294	45	13	266	49	16	110	109	85	53	76	237	14	195	67	61	25	62	34	27	129
1642647	42	27	29	18	26	9	4	17	12	73	28	0	10	0	8	40	42	11	22	26	43	11	84	31	86	66	54	73	4	24	12	11	24	12	4	19	37	25	29	21	24	4	29	17	10	33	14	15	9	46
2829812	33	23	17	14	14	0	226	17	8	44	25	5	16	4	3	23	45	17	11	15	39	16	75	23	60	24	35	68	2	9	5	13	25	26	9	8	41	19	19	9	17	6	14	2	5	10	14	18	7	26
2714926	24	53	0	16	12	8	4	36	5	0	0	0	20	4	11	25	19	52	0	0	11	7	29	28	37	44	21	19	0	36	5	0	71	4	0	10	20	27	45	14	22	0	12	5	0	10	8	12	0	64
2714927	10	12	47	11	30	38	0	19	4	75	28	2	9	4	0	19	52	0	8	38	23	14	44	8	40	23	30	63	6	10	2	11	17	6	10	6	11	6	9	22	5	6	24	15	5	9	8	16	20	45
185300	13	18	3	22	16	10	46	5	7	41	28	2	8	10	4	28	74	13	11	25	18	18	83	31	73	34	60	76	2	8	5	11	21	17	10	20	48	17	18	26	18	3	20	9	9	12	13	12	14	38
3003260	178	148	146	175	150	158	144	157	159	156	162	154	166	161	143	140	193	139	152	159	161	164	170	149	179	173	170	158	162	162	154	160	151	160	161	142	159	168	155	168	158	161	168	158	168	177	164	154	170	164
3003261	7	6	20	0	24	2	0	35	5	26	25	0	6	0	2	16	8	3	0	23	13	3	24	19	85	25	16	8	0	4	0	6	24	2	4	2	10	9	35	3	10	2	16	4	4	23	0	28	2	25
1316596	13	20	21	0	36	0	63	53	7	51	21	0	25	0	0	18	3	27	10	11	46	8	31	43	36	25	32	25	0	20	4	0	56	14	9	0	28	22	40	4	15	0	17	6	5	12	13	7	16	51
2545799	6	13	42	0	45	59	11	74	0	31	22	0	21	0	0	11	3	8	2	9	20	3	10	25	54	16	22	8	0	12	0	0	25	0	8	4	9	14	0	6	12	0	8	0	5	23	0	25	0	58
253	45	16	17	16	18	27	0	6	35	32	22	23	22	0	14	27	30	12	17	21	23	19	63	29	60	27	43	121	7	24	9	10	29	10	14	11	10	10	19	28	25	12	12	13	5	19	15	10	19	28
2910158	342	333	373	334	336	347	329	337	336	347	327	336	347	323	322	357	319	329	323	333	322	334	335	339	322	340	327	341	327	330	330	329	362	342	319	351	338	336	331	336	335	337	354	345	338	322	342	322	347	327
2714932	12	16	0	23	29	13	0	0	5	46	18	0	11	0	0	22	21	17	18	18	22	11	70	0	32	33	26	21	13	0	19	13	14	0	9	13	52	21	14	24	23	0	15	0	5	13	14	0	0	15
1538644	31	7	43	7	0	0	9	8	5	26	16	0	18	4	3	20	46	10	4	6	32	10	25	18	45	17	13	59	6	6	7	3	6	16	3	4	38	7	28	22	7	3	22	10	6	20	25	18	3	14
2027860	26	57	19	13	30	36	82	26	17	20	22	3	0	0	12	30	13	24	12	28	20	7	51	46	44	30	18	37	11	12	9	3	62	12	8	24	16	36	37	4	23	0	25	5	15	0	12	7	0	46
945844	287	287	282	290	266	278	269	273	292	291	289	275	277	272	280	276	283	303	289	282	277	295	291	291	286	287	285	287	294	288	278	283	289	280	283	284	287	287	279	288	288	290	289	282	281	286	281	286	307	284
2728021	220	235	237	222	231	224	223	219	233	234	236	228	233	227	229	226	224	242	223	238	227	234	242	230	227	229	232	232	239	222	226	217	234	227	239	228	225	243	225	232	227	230	238	226	222	250	228	224	239	228
29581	201	192	207	210	212	209	208	204	206	239	200	188	221	206	194	204	196	213	208	202	208	217	240	203	219	197	208	193	219	212	206	203	199	197	201	197	206	210	207	219	201	201	215	216	196	198	215	201	217	198
80842	69	76	68	69	67	74	64	62	72	60	66	65	77	73	65	71	66	69	76	73	77	79	71	67	68	67	64	69	78	68	68	64	71	62	66	66	66	68	65	69	65	66	64	59	64	71	67	66	78	67
80866	536	595	488	608	451	471	442	431	535	587	493	422	473	602	464	544	460	541	465	491	503	523	552	568	503	465	478	635	469	487	452	414	511	539	551	458	462	532	501	596	850	443	547	446	585	524	452	496	702	603
37448	31	38	33	31	32	33	38	36	30	38	39	38	35	36	38	39	39	40	34	40	31	37	39	35	35	35	35	34	45	30	36	35	38	37	36	37	37	39	39	37	32	39	30	37	37	37	40	34	37	34
34073	17	12	22	15	6	6	8	11	16	25	43	3	28	41	5	14	5	15	14	14	16	13	20	28	15	9	10	34	44	10	6	2	31	17	24	13	30	27	9	12	10	15	21	8	17	24	34	17	57	6
367825	422	424	389	421	379	399	394	390	415	436	414	400	405	407	375	402	410	421	403	432	440	423	444	424	417	412	380	404	423	435	397	367	415	385	425	409	419	424	437	420	396	388	396	422	386	421	403	420	438	379
2494234	266	409	399	206	16	290	302	8	210	1746	66	0	269	1919	4	5	45	94	160	486	762	124	1392	436	217	7	11990	478	0	19	0	15	1133	78	107	29	3180	199	1792	708	158	810	16	29	15	290	9	16	95	13
2584944	122	167	165	81	0	108	123	8	89	404	36	9	120	10	0	0	24	61	67	195	309	88	444	180	68	7	27	179	13	18	3	5	95	43	43	2546	134	92	6	264	72	2	32	7	12	117	9	11	72	0
40545	51	65	67	23	7	49	667	0	243	129	23	4895	34	5	4	3860	3886	52	32	619	165	64	171	112	22	3	7	313	7	13	6	2	32	1916	37	361	47	318	1005	107	427	0	3491	22	12	458	9	18	49	8
1852381	53	90	69	26	3	55	46	3	44	175	384	9	41	6	3	4	112	251	22	115	136	369	200	81	16	23	12	74	6	25	4869	0	44	25	111	140	110	529	0	129	28	4	5	21	17	66	5	17	287	5
1796652	4	11	13	209	2117	3	4	89	48	10	5	56	12	33	2	16	7	16	6	3	6	70	15	8	2	87	0	9	33	21	6	0	3	5	10	3	9	4	23	15	3	41	2	6	90	5	97	167	237	74
76731	270	286	286	291	275	281	286	277	273	298	294	279	283	297	282	276	283	290	278	296	300	293	297	293	285	290	280	293	283	292	283	273	287	285	274	286	284	292	293	291	274	276	274	270	274	287	271	285	307	268
215580	154	167	157	161	136	149	152	149	170	173	161	146	151	165	149	152	147	169	158	175	183	172	180	166	163	154	157	171	155	150	136	145	165	158	162	147	150	160	150	171	140	155	152	154	159	160	158	164	192	147
1296669	382	413	388	404	389	384	390	376	401	428	391	389	392	401	393	400	396	407	390	410	434	424	429	384	375	399	395	411	393	401	374	373	392	375	397	371	399	382	379	390	384	385	379	404	402	385	390	418	419	369
573	690	73	10151	129	61	1152	19254	2619	393	190	825	9406	23719	38	1538	928	1253	129	2836	5728	12662	96	537	49	558	4632	28	0	6449	3030	1486	209891	2094	46	1404	30428	268	2078	350	15	4799	11105	862	16141	114	817	25285	507	255	976
1463165	15	7	1179	28	11	68	219	79	22	30	26	279	14866	11	49	19	350	0	529	3461	1227	5	28	24	63	113	12	33	412	248	318	32640	705	7	51	925	47	57	631	4	1400	222	12	10579	0	132	12160	241	72	159
244366	7	5	1816	65	4	19	90	71	18	7	309	42	2145	8	19	16	83	0	86	1561	730	15	9	8	167	53	7	7	299	1444	659	17049	706	6	54	1382	24	64	30	0	94	83	10	316	7	146	594	17	5	54
1134687	4	19	49	15	0	8	28	0	15	0	84	35	113	6	6	7	3	3	37	33	101	9	19	13	4	49	0	0	70	93	20	927	15	17	22	155	11	355	21	18	126	51	13	74	8	35	118	16	30	0
548	2	0	96	2	3	9	24	10	6	2	15	29	132	2	21	4	11	6	44	40	243	10	7	4	10	58	0	2	527	24	11	6262	55	2	17	145	12	11	7	2	47	50	6	54	4	8	109	4	9	6
562	110	91	4283	82	13344	11361	3067	1386	805	774	2343	59494	804	551	4405	1334	137	1941	6255	7391	1613	9204	22030	1026	418	111985	3287	209	8648	2828	4682	11706	4766	395	134	25672	39808	1084	302	72	9626	53319	253	731	496	4643	6188	1549	578	1012
208962	9	3	19	4	36	29	5	4	7	0	9	115	6	7	12	5	2	13	24	17	4	32	62	3	11	311	9	5	49	23	17	73	26	2	6	115	127	7	34	3	29	130	2	2	3	6	22	9	4	2
550	15	10	295	16	10	51	19	29	72	185	151	60	6264	9	172	21	56	13	1236	276	506	13	17	16	82	66	8	24	204	1501	79	18499	162	51	428	488	52	1410	17	20	192	71	9	281	83	79	3714	51	20	169
61645	12	0	52	13	20	41	3	0	20	6	31	90	48	18	10	18	4	6	50	5	39	9	15	8	104	38	0	36	61	76	70	1099	70	0	9	87	3	19	16	7	30	59	14	43	10	17	225	20	34	4
158836	48	65	335	39	14	341	53	73	23	0	215	332	354	44	56	86	74	19	305	36	388	34	106	12	385	220	40	48	777	1279	84	15905	423	0	98	585	172	139	15	17	815	62	86	161	0	33	897	35	54	40
546	21	48	246	15	11	67	21	35	43	0	20	40	90	35	39	46	5	22	106	38	333	12	69	0	27	202	15	14	313	41	930	1231	55	18	64	246	74	28	0	0	61	90	19	34	28	22	108	0	11	6
28901	8	20	88	20	36	175	46	24	66	3	90	123	359	169	33	25	22	46	67	46	173	44	312	122	78	1123	35	33	193	49	32	1150	81	47	44	210	221	77	32	33	166	335	25	133	12	12	236	31	73	59
615	15	0	6	23	8	22	10	9	21	0	30	0	12	29	14	16	12	5	23	0	27	14	7	22	18	12	13	9	42	14	16	65	8	21	33	22	19	33	6	6	13	18	0	19	25	23	43	15	37	13
465797	179	218	179	217	205	171	206	186	225	201	187	176	192	214	180	198	193	166	177	162	185	166	193	204	197	159	174	254	162	195	198	158	196	207	182	163	188	216	191	225	128	154	187	170	242	179	178	151	222	211
470	58	46	0	31	7	23	0	0	16	0	16	9	0	20	7	37	6	20	17	16	21	17	39	7	19	43	20	35	15	8	0	11	7	0	10	27	19	54	14	8	70	10	9	0	20	16	15	32	7	11
45610	80	71	72	77	76	78	70	74	76	79	81	72	68	74	79	76	71	74	82	70	77	74	78	77	74	75	79	78	72	83	74	76	76	76	70	80	77	92	77	78	76	74	77	74	79	69	76	72	69	72
303	39	59	12	63	11	34	96	24	48	7	29	0	21	33	18	28	21	7	23	42	77	42	21	22	85	27	31	24	76	19	22	22	19	15	111	38	340	51	60	12	23	30	43	43	35	57	45	33	118	16
294	24	7	15	6	6	10	2	5	26	14	27	16	14	16	17	15	8	9	13	18	19	29	30	19	18	14	6	27	25	15	23	2	18	4	27	11	50	28	25	7	7	9	22	17	23	21	16	16	35	11
287	22	0	34	49	65	49	9	13	53	42	220	40	175	188	40	18	44	19	39	44	52	91	142	174	20	24	23	42	129	290	17	39	33	21	33	38	84	51	69	52	33	25	58	0	23	72	61	225	169	33
729	214	67	634	8	79	669	1473	49	306	2363	108	38	933	7	12	16	39	73	110	5	4515	9	962	12	3073	9811	399	18	70	2028	432	1669	78	15	8	19	19	45	1607	12	203	17	35	1256	18	80	524	54	8	179
40324	34	69	10	47	76	22	63	0	52	36	46	0	88	90	43	93	60	60	65	93	57	50	86	89	85	93	74	45	82	31	71	65	86	40	54	95	411	43	68	66	67	48	61	56	83	48	78	91	58	69
654	13	10	29	22	14	21	0	5	6	8	30	15	21	7	27	8	15	7	56	10	12	11	0	17	19	9	7	13	9	26	10	1149	5	0	23	13	212	27	7	7	52	4	6	8	4	21	11	7	42	0
2041385	554	570	533	558	538	544	520	530	558	546	581	525	567	574	561	563	508	550	559	560	585	565	553	544	538	570	562	565	611	564	550	541	528	531	566	570	532	541	550	551	562	554	547	541	544	568	553	578	593	539
358	18	10	13	16	12	11	0	14	20	14	24	12	19	27	27	18	9	21	9	28	22	8	13	11	21	12	44	20	27	21	7	0	10	16	16	28	15	14	17	11	7	7	15	12	19	16	27	5	49	6
2066070	82	0	175	65	0	0	198	0	20	0	105	0	0	26	0	0	0	0	0	0	0	0	104	0	138	0	0	0	84	0	184	0	152	0	0	0	0	29	0	0	80	0	196	12	0	96	48	99	48	0
381	230	0	0	36	0	23	0	68	133	0	0	0	0	191	0	247	0	0	0	0	0	0	41	0	0	286	273	0	0	0	0	0	0	0	0	0	0	0	77	0	52	0	0	303	0	0	47	0	251	0
290	161	172	166	168	165	169	162	162	169	169	179	162	172	167	172	161	162	168	175	169	173	177	169	179	178	172	171	163	174	181	163	157	161	166	161	176	162	176	173	174	181	166	176	159	170	159	176	161	177	172
1325095	106	111	113	119	107	115	106	110	128	119	126	105	112	124	118	130	104	119	113	118	129	113	123	114	117	118	123	104	117	130	111	99	98	104	110	120	124	121	119	110	102	111	116	106	117	117	115	111	130	96
151416	116	106	108	114	112	112	101	109	119	112	108	106	116	114	109	114	111	109	108	114	115	108	115	111	103	116	120	117	121	114	111	111	106	112	115	113	119	121	114	109	104	111	115	106	112	112	113	113	127	113
135719	199	208	181	218	163	203	161	177	226	174	218	162	229	229	189	249	161	199	207	182	229	224	187	205	189	215	197	209	250	252	201	161	183	207	214	241	210	261	210	191	217	213	219	181	212	216	210	207	283	169
850	1904	9	62	0	158	49	246	9	75	36549	32	0	3	0	26	3	3207	59	3	22	155	1547	9256	1911	52	884	8287	2647	5	0	5	4042	2302	5594	122	38	7628	79	22	0	677	100	8	4	270	4	2	12395	0	2
2663009	29	5	7	0	0	6	10	2	7	107	5	0	5	2	4	9	27	0	2	0	0	19	248	216	7	22	41	96	5	8	0	118	11	124	4	18	746	14	23	0	50	0	4	0	10	10	10	13	25	8
856	10	0	9	0	0	38	0	0	2	503	2	0	2	3	0	2	213	2	7	0	4	36	920	524	17	9	192	423	0	3	0	326	74	341	5	7	2637	5	0	0	103	0	7	89	32	2	2	44	5	39
861	9	4	17	11	10	57	0	0	17	1021	4	11	15	5	7	13	458	2	9	5	2	72	1666	1114	71	7	313	877	8	5	12	799	122	673	9	0	5705	12	7	7	246	11	8	15	60	11	12	119	4	8
2764326	8	0	3	3	2	13	0	0	2	498	2	2	5	0	0	7	165	0	7	0	0	56	932	608	26	7	135	351	2	2	2	347	71	387	3	0	2493	3	2	2	78	0	0	0	23	2	9	76	0	0
851	10	30	11	0	14	29	0	12	39	176	4	23	26	23	5	15	104	22	13	6	10	65	341	322	23	15	62	152	28	14	17	122	30	187	23	15	1145	21	26	9	58	28	28	15	52	13	19	32	23	0
901	684	56	10	86	83	7	4	55	1212	10	29	43	1344	2679	69	46	37	1596	1392	3310	1068	170	1119	2009	1025	15	100	1474	45	14	79	2	385	84	2446	49	1038	3692	12	54	20	30	18	15	27	2248	1953	811	121	28
876	16	19	16	31	45	4	0	30	21	8	13	43	24	28	41	29	41	36	15	52	13	105	43	29	48	17	57	17	403	15	49	11	3	26	36	56	26	15	13	26	20	22	13	369	21	21	21	56	84	22
881	11	17	5	35	60	4	0	17	22	10	5	23	11	26	38	35	31	19	20	14	24	87	30	40	42	18	69	9	19	5	44	4	2	22	23	25	40	16	3	32	9	21	20	11	14	23	19	25	59	15
44742	8	12	4	34	42	2	0	16	33	11	62	26	8	40	22	25	12	17	8	75	12	112	17	39	41	8	43	17	20	21	32	11	6	31	25	312	27	19	46	25	27	16	11	12	8	19	20	38	2376	20
2787628	18	16	2	9	19	10	0	10	27	11	20	17	21	13	18	30	14	3	12	31	18	10	24	4	20	24	17	26	13	9	17	5	14	5	17	9	20	23	10	11	21	18	21	11	13	13	22	11	44	13
158	14	15	3	26	15	26	4	0	50	13	16	15	41	10	15	23	15	4	33	17	2	21	26	19	6	15	12	13	20	8	14	0	11	22	19	18	6	28	17	24	47	40	12	4	36	21	9	16	35	5
239935	99	403	80	32	28	97	31	54	515	23	83	0	63	48	67	19543	664	1462	45	56	81	39	98	271	309	91	42	61	475	42	71	14	55	28	11525	47	316	42	408	21	48	29	4254	17108	6898	126	68	1831	475	104
197	48	272	61	50	152	150	4	110	172	51	231	182	110	1483	28	1119	324	104	80	174	331	347	204	263	81	147	82	295	211	64	733	17	19	71	50	17	134	84	30	89	223	729	49	4	115	77	77	179	239	255
195	10	90	2	4	10	13	0	27	151	58	134	44	91	493	15	13	194	47	67	0	99	18	99	6	9	7	47	139	57	9	8	7	0	13	11	26	10	38	16	6	30	236	11	6	13	30	12	22	47	67
56	6	22	17	8	0	33	6	4	9	10	26	0	18	20	8	19	0	5	28	9	32	12	15	28	6	28	7	11	38	13	9	7	34	14	12	12	12	24	11	10	25	7	24	6	8	29	15	18	34	2
638849	10	11	9	22	4	4	0	12	19	0	52	4	14	37	20	20	10	6	17	4	25	7	7	25	16	12	9	11	48	8	12	0	2	6	24	18	10	29	14	7	11	11	16	30	5	28	25	9	87	2
2162637	0	223	0	1455	0	0	0	0	0	1357	0	420	0	0	493	208	0	474	0	0	0	441	385	0	0	0	889	0	0	0	237	0	0	1312	0	0	0	204	0	679	0	0	0	161	173	224	0	230	456	443
651561	0	43	10	20	6	14	68	16	2	20	0	2	2	6	3	16	32	21	12	6	2	0	35	10	31	6	37	23	0	14	5	0	39	2	2	6	15	25	37	5	0	3	7	4	5	4	2	3	6	31
1737424	0	2212	926	7159	2186	3629	0	0	4520	0	437	0	1706	492	967	3082	10511	1402	3118	4930	0	1018	1935	1254	0	719	1182	869	1214	417	1352	0	0	880	3336	1985	5038	1207	424	0	0	7791	786	891	1102	625	0	1084	1165	0
2972784	0	6	14	8	25	30	76	20	14	17	2	73	37	3	0	6	12	2	3	4	30	6	24	34	12	87	7	4	10	13	2	20	37	34	2	15	0	19	9	11	21	2	3	154	4	2	9	5	3	13
1343	0	3	38	10	16	203	39	21	75	41	0	22	28	15	0	11	180	7	6	46	45	5	171	0	17	77	2	0	34	18	141	57	47	52	49	4	4	0	3	21	23	26	5	280	7	6	49	2	2	10
39777	0	10	735	10	70	113	72	17	35	237	22	136	165	0	32	5	86	10	21	3	307	7	976	7	56	4955	24	14	65	38	98	10	31	19	7	2	8	27	132	10	263	12	20	406	11	20	597	2	8	5
2003188	0	47	11	17	24	13	44	11	22	24	21	121	53	36	165	20	4	54	71	94	16	9	12	11	15	10	12	78	41	35	7	5	25	36	26	61	26	84	28	8	11	16	13	28	9	71	19	9	98	10
712116	0	34	24	12	15	30	6	8	9	53	0	45	19	17	6	10	36	13	3	8	75	13	27	33	34	28	9	12	52	7	6	32	77	14	27	12	4	0	0	8	29	20	0	0	8	14	21	11	22	11
1655	0	25	21	19	19	2	5	37	5	38	7	48	29	13	0	0	10	12	16	25	25	8	43	10	9	9	6	42	54	8	12	36	66	2	38	15	8	17	13	17	24	2	13	10	10	12	16	19	13	9
1681	0	8	7320	2	8324	0	22	7	41	7	22	310	5649	128	13	0	0	6	5	83	0	11	4	0	21	5	2	8131	22	14	160	0	0	7	6766	122	0	6	1699	21	4	312	639	1379	39	28	7173	6	23	12
28025	0	5	0	8	81	11	0	0	0	5	3	56	40	106	23	0	2	5	4	52	0	0	0	0	30	0	4	0	204	18	34	0	2	0	24	96	9	0	23	0	0	50	93	0	174	29	138	6	0	0
593909	0	80	0	0	0	0	0	37	0	0	93	0	0	8	0	35	0	0	52	0	0	20	0	0	0	0	0	0	11	0	93	0	69	0	0	31	0	7	0	70	0	81	0	0	84	28	37	0	4	0
571	0	3	29	0	4	11	12	5	5	9	5	22	59	10	5	8	2	2	10	19	39	7	11	0	18	35	15	17	64	212	12	741	12	2	4	35	6	23	0	2	31	35	0	377	0	4	39	7	2	9
631220	0	19	10	20	35	7	0	23	16	6	11	16	11	20	28	24	10	5	11	27	2	74	29	23	12	10	39	5	17	10	44	0	0	18	23	19	12	17	3	18	8	22	10	11	13	12	8	30	38	20
2992805	0	0	13	0	0	0	0	15	26	0	15	55	15	65	20	70	37	25	17	0	0	18	15	21	0	0	0	34	0	33	0	0	0	24	33	37	73	64	38	21	26	24	0	13	16	27	45	0	33	0
564	0	0	11	0	21	23	3	4	3	4	11	94	7	8	12	10	4	5	13	21	8	27	88	2	36	284	10	3	21	6	13	81	14	0	0	44	210	16	4	6	62	98	0	14	5	6	20	3	7	8
1812935	0	0	302	8	7	86	11	36	6	84	17	5366	847	0	6	21	47	3	298	142	567	0	20	0	256	17	0	0	195	416	15	9347	344	0	37	1382	19	45	0	4	302	12	9	707	3	7	2905	73	5	43
208224	0	0	247	24	0	112	0	26	19	11	23	35	22	0	0	28	8	8	19	148	93	0	9	0	210	19	11	38	26	67	9	1718	78	0	12	72	7	0	12	13	37	10	9	63	0	0	3163	8	0	9
1639133	0	0	41	33	4	16	0	53	11	9	11	17	25	0	7	11	8	0	34	11	441	6	19	0	6	39	10	18	290	14	1700	1626	49	0	28	152	22	3	13	0	20	120	7	44	0	7	58	13	14	18
621	0	0	46	0	38	40	0	0	0	0	21	69	0	0	16	0	0	0	5	8	18	30	69	0	0	500	0	0	24	9	22	59	23	0	0	64	122	0	0	0	27	273	0	0	0	13	21	0	0	0
623	0	0	143	0	27	270	24	0	80	15	17	356	46	0	119	0	0	18	44	94	110	497	756	0	40	3225	0	0	131	115	64	401	234	0	0	474	598	0	0	0	534	1120	0	14	0	0	146	14	0	0
622	0	0	14	0	19	66	4	0	0	0	8	71	0	0	30	0	0	0	23	25	7	21	300	0	0	482	0	0	29	0	7	55	15	0	6	85	122	0	0	6	41	235	0	0	0	3	47	0	0	0
2865838	0	0	72	22	0	29	0	0	14	0	26	0	0	23	0	0	0	0	72	0	18	0	0	33	0	47	0	101	15	0	60	0	0	0	0	0	262	0	73	0	0	0	0	0	0	38	20	0	5	0
2878202	0	0	0	0	0	0	0	0	0	0	10885	0	0	5174	4701	0	0	0	0	0	0	13479	0	0	2314	0	0	0	1414	1496	0	0	0	0	627	0	0	0	366	8485	738	0	0	0	327	0	852	0	1570	0
