	taxid	cluster
0	105219	0
1	1325120	0
2	134537	0
3	13690	0
4	1389713	0
5	147645	0
6	1744	0
7	185951	0
8	1871086	0
9	190721	0
10	2017486	0
11	2057741	0
12	2763008	0
13	2894081	0
14	293	0
15	294	0
16	2984843	0
17	319706	0
18	329	0
19	339	0
20	34073	0
21	420952	0
22	477641	0
23	546871	0
24	59779	0
25	88688	0
26	1232427	1
27	1273	1
28	1414719	1
29	156976	1
30	161879	1
31	161899	1
32	169292	1
33	1852390	1
34	187491	1
35	2026255	1
36	2041036	1
37	2763010	1
38	38286	1
39	38288	1
40	38289	1
41	38301	1
42	38302	1
43	38304	1
44	39791	1
45	401472	1
46	43769	1
47	43770	1
48	53374	1
49	71254	1
50	1260	2
51	1655	2
52	1656	2
53	1659	2
54	1660	2
55	172042	2
56	1750	2
57	2047	2
58	2789425	2
59	28449	2
60	43675	2
61	47671	2
62	544580	2
63	706438	2
64	712116	2
65	712122	2
66	729	2
67	74426	2
68	1270	3
69	1276	3
70	1280	3
71	1282	3
72	1290	3
73	29388	3
74	33889	3
75	556288	3
76	71999	3
77	146827	4
78	161896	4
79	1717	4
80	227319	4
81	258224	4
82	2768834	4
83	37637	4
84	38290	4
85	61592	4
86	699041	4
87	99807	4
88	1528099	5
89	1747	5
90	1979527	5
91	2559073	5
92	2892442	5
93	3016342	5
94	33010	5
95	33011	5
96	38284	5
97	156978	6
98	203263	6
99	2488819	6
100	2709394	6
101	2883169	6
102	3017361	6
103	3059080	6
104	441500	6
105	575200	6
106	1667168	7
107	1778	8
108	853	8
109	1828	9
110	40324	9
111	49319	10
