	SRR23389262_bracken_species	SRR23389263_bracken_species	SRR23389264_bracken_species	SRR23389265_bracken_species	SRR23389266_bracken_species	SRR23389267_bracken_species	SRR23389268_bracken_species	SRR23389269_bracken_species	SRR23389270_bracken_species	SRR23389272_bracken_species
418240	47010	46906	10558	49520	17117	22735	21471	18508	56861	12484
2479767	4171	5510	834	15443	2767	17469	511	3065	11875	585
2877527	238	269	83	267	231	238	26	60	770	583
40520	4088	8021	3893	17647	3322	3830	657	6880	14866	1561
1796616	384	445	182	392	381	295	36	127	792	133
33035	359	510	154	507	535	393	21	157	729	452
1912897	298	425	181	321	269	321	33	109	807	993
1322	296	660	167	411	537	350	16	97	645	966
2779518	221	265	65	90	143	169	10	50	261	64
39485	27496	12488	17654	152	8417	29279	16	648	2335	121
2763672	27010	15920	2049	6993	1445	14175	40	986	7994	313
166486	12975	4655	22350	4548	4572	4454	184	1919	21960	1203
301301	1801	2703	1038	1108	1671	3886	219	730	4244	455
2763062	1431	1056	1179	545	843	1065	43	444	4341	356
39488	11569	5870	4027	8480	5910	6698	145	4043	12540	430
410072	8796	6339	2597	4298	7429	825	462	3683	4650	1187
116085	1070	2243	1557	4238	794	949	121	1001	6694	584
33043	663	501	119	225	206	343	62	83	675	134
751585	259	461	162	658	202	247	10	140	693	59
649756	8296	17596	5457	39714	1729	28091	137	3208	28122	3252
105841	77	111	34	104	75	109	6	31	160	78
1229621	55	81	27	58	51	78	2	32	154	64
33038	5521	1973	1800	2650	2045	3793	287	1379	4714	35714
33039	1080	18228	10541	2209	645	1233	168	4410	18785	57088
46228	606	982	279	696	463	4509	48	3092	20424	955
88431	2339	11762	7985	12197	1316	1592	430	7328	20541	1932
39486	1659	3663	3124	3376	586	3297	108	1180	3984	712
29347	998	966	667	1128	1974	707	98	265	2457	1593
89153	222	280	77	270	138	173	12	37	271	262
1871021	222	181	69	167	125	155	29	67	348	130
66219	57	53	16	42	48	41	4	26	142	30
208479	761	478	307	1081	1638	640	90	323	597	862
333367	388	249	147	667	328	187	39	162	514	268
1531	228	417	161	319	217	319	43	113	412	450
45851	487	773	141	237	493	382	4	149	877	107
831	154	240	41	99	89	165	19	44	376	49
43305	112	193	60	62	68	102	2	37	298	24
185008	105	217	49	60	67	78	14	38	306	27
2763670	509	586	148	186	273	5524	18	742	666	140
84030	256	408	186	311	108	355	51	60	446	108
29375	127	119	44	61	93	116	16	61	200	117
29370	123	106	38	75	84	119	10	51	153	122
168384	314	374	102	287	243	259	76	106	564	132
1653434	301	180	304	179	2086	625	24	179	323	352
2696063	79	93	31	53	49	55	10	26	121	73
1727145	73	60	25	49	37	54	3	24	127	48
433286	74	101	37	41	60	52	2	29	117	51
3039116	62	95	30	62	48	77	5	11	147	42
2068655	281	406	63	140	139	168	16	42	398	61
185007	197	519	128	70	163	199	3	95	621	54
2490855	103	120	36	76	79	81	12	43	247	86
617123	70	113	34	51	42	35	3	33	144	23
2763667	156	300	123	308	260	179	9	113	616	75
2763669	79	173	46	198	67	151	16	30	186	80
2709410	79	91	24	52	31	57	4	27	125	15
1679721	37	29	3	27	37	40	5	14	81	19
2929492	9943	1787	1737	3138	17287	428	305	697	2218	29
2929494	8285	1666	2011	2903	4648	490	346	779	2096	27
2929488	4446	777	1328	1597	1706	415	176	308	854	98
2929489	2153	1035	565	855	905	635	181	218	1500	75
2929491	1069	1092	2612	1909	1156	1217	200	695	1950	21
2929493	926	6185	680	819	699	392	149	267	1083	37
2929495	1043	1080	8923	7059	2724	4354	625	1686	3433	39
2929490	618	701	674	623	444	303	107	127	1133	6
853	18923	23040	40585	32841	29038	22745	10706	12127	45787	579
411483	1069	1161	514	587	717	314	145	156	1823	93
1160721	16721	94	93	250	70	117	3	382	4021	24
2564099	899	40	38	519	80	110	45	52	323	6
1161942	469	54	97	76	83	105	4	73	180	9
438033	91	204	34	182	108	114	6	37	302	58
2714355	891	934	131	3178	89	512	24	343	2572	26
2714353	518	326	276	721	49	181	12	75	1179	10
292800	904	563	705	2463	3777	622	92	330	882	493
1550024	746	398	346	1978	316	210	32	71	543	59
169435	562	157	143	1668	137	228	41	95	858	96
2093857	353	467	1037	4280	290	432	20	165	2398	114
2108523	313	597	61	1362	203	233	8	70	1015	64
2714358	261	399	231	764	111	164	21	102	527	72
214851	211	1832	1124	1667	71	135	17	434	1284	50
2763056	151	219	132	368	83	79	14	63	754	12
2994078	55	29	11	47	19	22	3	14	39	7
2766537	58	15	17	38	23	30	2	16	77	8
2666138	37	27	14	29	11	19	2	24	71	3
1981510	125	50	44	60	21	167	3	65	632	6
1796620	94	52	12	80	16	30	12	18	96	8
2780922	70	63	69	111	39	44	3	28	125	13
2488810	27	7	5	16	9	15	2	4	33	7
1521	10	5	7	18	5	3	4	3	53	24
2507162	43	32	5	33	10	12	3	11	47	7
2576756	42	27	7	31	9	21	2	15	68	10
253239	24	22	18	41	42	21	2	21	52	4
411486	912	670	341	1136	551	612	185	233	809	275
1042156	115	166	61	90	89	122	5	49	309	22
97138	37	19	12	19	17	14	4	15	42	13
2507159	12	6	3	5	3	11	3	17	15	10
1502	117	118	248	78	50	1423	14	84	170	95
1491	53	38	28	57	51	77	15	93	86	69
238834	20	32	8	13	17	33	4	11	48	29
1501	15	27	6	14	18	14	3	29	58	23
1493	14	9	5	10	8	6	2	8	23	19
704125	13	10	14	3	6	26	2	20	27	5
1534	8	10	3	9	5	11	2	4	43	8
154046	511	580	270	1609	376	686	77	336	564	354
384636	148	138	50	72	67	129	27	37	266	117
461876	8	11	7	2	6	5	17	12	11	2
2576307	10	4	6	5	4	2	2	3	21	25
3036945	19	13	5	23	15	11	2	5	27	9
1496	1439	1967	737	1359	711	767	150	394	1898	582
89152	18	13	10	15	13	25	3	9	47	48
1505	5	6	5	4	7	12	2	10	17	26
39496	455	1513	513	464	3661	228	15	135	1428	178
2841037	138	147	42	135	96	114	7	36	205	148
2841528	118	209	55	117	83	506	6	89	299	37
2764325	249	90	90	159	104	67	22	53	554	108
1736	69	60	22	43	12	15	3	13	111	60
2041044	36	20	18	80	27	21	2	13	122	5
1297617	244	207	62	869	91	160	14	93	421	21
2086584	239	174	63	333	153	137	9	73	295	166
2610895	229	180	53	366	266	137	14	63	233	59
1776384	66	33	23	132	14	28	2	12	51	27
114527	22	30	41	22	15	6	45	18	64	119
626937	92	106	17	31	27	79	5	16	80	26
1185412	20	15	22	12	8	14	3	6	30	7
2478954	10276	29	22	49	28	10262	5	11	50	24
100886	6838	65	61	54	25	5903	15	23	129	13
1522	469	235	187	594	257	283	27	296	559	170
1547	395	79	58	205	81	238	23	62	311	419
29348	16	15	4	8	23	13	2	3	95	27
2583452	150	61	41	75	52	237	3	26	72	130
1796635	110	181	89	156	63	452	16	59	271	114
1982626	97	5179	1263	1397	1462	90	12	300	2180	30
39483	91	200	51	680	108	178	25	48	210	42
2944914	28	3	4	17	14	10	4	2	19	47
2487118	11	24	6	12	23	37	15	30	36	8
54914	1215	1217	1181	1199	1179	1205	1180	1207	1229	1196
1393	14	8	10	3	6	5	4	5	13	8
1451	626	643	579	625	606	643	533	585	689	580
2908839	8	7	2	4	5	8	3	3	8	2
3050112	4	6	2	5	5	6	3	20	13	5
521520	11	9	18	9	14	25	21	24	12	2
189426	8	16	4	10	7	7	4	16	8	7
1742359	894	892	893	927	926	916	899	892	938	917
220684	5	9	8	2	6	4	2	2	9	5
2912824	5	2	4	5	3	5	2	3	5	2
2756	882	858	847	861	880	862	844	872	912	898
1639	13	18	11	13	11	10	8	10	19	3
1623	64	112	4597	34	26	1541	29	17	203	23
1601	2	2	15	11	10	5	2	2	8	15
1598	9	13	9	7	8	5	3	8	4	17
1304	232	1274	4784	385	3160	6264	5307	4026	1208	889
1316408	11	69	147	12	223	882	382	220	131	107
2610896	8	98	183	12	225	973	548	305	146	102
1759399	4	11	19	2	24	72	128	143	33	51
712623	4	10	18	3	9	23	78	31	3	27
1839799	5	32	110	6	109	272	95	147	73	16
712633	2	8	7	2	29	14	62	27	10	61
1307	72	46	30	34	35	125	9	63	128	37
684066	50	44	60	38	77	153	104	83	54	58
1336	14	5	4	9	5	19	3	8	16	6
1308	42	41	96	24	45	223	85	109	1590	20
1305	22	42	23	9	38	32	157	86	21	236
1328	9	20	91	13	37	15	14	19	47	64
1303	19	22	42	13	46	66	146	140	52	218
1311	59	30	6	19	15	152	7	15	63	88
1156431	13	32	18	19	43	116	430	318	30	174
150055	11	11	22	3	6	308	9	14	24	6
1335	9	6	3	13	13	464	2	11	20	4
2382163	11	14	6	12	14	54	244	122	16	54
28037	7	24	15	5	51	47	143	109	39	632
1313	8	21	37	6	44	33	46	22	17	193
1302	4	13	16	5	55	50	36	151	28	53
113107	4	22	24	2	28	131	97	112	38	45
68892	2	4	6	3	13	24	67	27	8	52
1318	2	89	180	22	325	2856	415	309	214	116
1234680	2	11	9	2	8	31	242	82	5	23
1358	21	59	354	19	3	166	8	7	47	17
1352	144	124	99	410	65	112	20	21	432	538
44008	29	17	13	18	41	40	3	3	18	11
46125	205	206	194	199	196	201	207	199	209	233
46124	2	12	6	2	41	19	123	67	31	77
437897	3920	25	5852	6232	14	13	2	14	14260	112781
971	19	3	5	9	9	34	2	5	21	3
69823	9	28	8	45	3	30	5	7	26	5
626940	1758	842	4	15	13	25	2	11	2000	34
33025	14	75	1196	3153	3001	24	609	8790	44	689
187327	12	20	60	9	7	20	153	2366	18	10
2144175	20	11	10	15	15	29	6	7	298	7
907	14	13	16	13	16	38	3	4	17	9
423477	14	6	254	14	36	249	206	52	18	321
29466	9	10	184	17	18	89	35	39	19	301
2682456	12	4	315	2	40	384	128	13	35	255
2682455	2	4	277	4	29	280	78	3	13	178
39778	2	6	231	4	33	284	51	4	14	166
1260	16	14	21	11	17	12	3	3	13	68
1582259	9	2	2	4	4	3	5	3	5	4
2507161	6	5	9	4	8	5	2	21	18	2
1680	2161	20	3159	9	2935	7	241	2012	231	5296
216816	141	31	4890	74	1089	47	38568	1683	6818	1093
1685	77	56	78	61	97	25	514	42	121	65
1686	64	7	312	4	1055	4	641	54	571	235
28026	46	20	3099	6	931	16	12393	261	8788	4540
1689	6	3	39	2	20	5	17	9	42	36
1694	5	9	10	8	11	5	9	5	16	4
2036	171	169	158	177	152	176	159	154	174	155
43675	31	31	75	15	92	232	551	261	120	521
61592	6	7	7	3	3	2	2	4	2	32
119981	173	170	156	171	159	162	156	161	175	157
1660	32	165	242	215	169	318	528	137	85	902
52773	2	6	12	6	7	10	27	3	2	28
712122	11	9	33	15	7	2	28	18	9	50
544580	12	56	50	6	17	17	11	45	23	255
1852377	6	12	10	12	10	12	22	5	12	68
82135	15	13	5	17	11	10	2	2	13	17
74426	2523	14969	9577	7485	14495	11977	14653	12023	6690	3807
147206	8	27	18	15	136	49	144	14	23	328
33871	4	11	16	5	10	4	3	3	10	2
1382	2	15	6	26	14	20	51	7	10	38
1871022	8	53	4	12	20	17	53	44	34	13
712411	3	23	14	9	13	6	12	18	5	23
1805478	2	18	7	14	27	11	28	16	22	13
133926	2	5	3	7	9	8	10	6	14	9
604330	6	20	6	22	25	13	20	32	24	7
2779519	5	11	15	6	15	13	10	12	11	2
712157	3	9	2	3	14	4	8	3	9	6
1335613	59	50	41	82	25	30	6	39	43	13
471189	24	98	34	754	81	110	12	24	40	18
446660	73	114	1197	357	493	23	11	188	312	20
84112	59	650	43	588	115	251	99	594	104	45
502558	8	30	28	22	11	8	12	3	53	9
2690837	3	48	45	91	33	11	12	21	37	13
84110	21	34	39	47	28	14	9	4	20	5
1907662	16	17	16	87	16	31	11	6	81	3
1531429	11	20	25	12	32	15	6	5	27	2
2734634	4	27	2	18	12	2	6	8	22	4
79604	5	19	17	21	10	7	7	2	18	9
1870985	4	51	23	17	16	14	7	19	40	15
328692	132	126	135	139	128	120	134	138	144	135
46506	62727	2802	2688	47498	11964	1706	215	525	11106	93218
28111	16490	497	267	11993	912	112	74	235	3219	3529
820	16828	2728	2386	21785	6608	1546	847	1613	13510	9620
2528203	1491	181	56	1298	526	171	109	55	940	1401
2763022	291	184	836	222	418	202	127	137	136	401
556259	283	350	317	226	719	66	25	291	191	234
2847299	682	1594	944	358	360	727	3340	1719	112	458
371601	5625	5008	3432	2922	2502	3281	5139	7230	1077	3498
818	3657	5681	9876	26477	3534	4741	12535	12187	4456	11809
2650157	2837	1519	2401	2137	843	1509	373	603	2943	3368
817	18593	8500	6109	33006	19026	6412	360	6115	12015	8766
674529	2416	514	528	1411	837	282	580	888	547	1966
28116	3639	2472	3288	4506	10762	539	2964	5692	3161	4206
291644	1644	3819	218	15028	3838	495	100	277	3785	2567
329854	1107	342	219	9321	403	219	105	345	400	1616
47678	1047	10300	3471	10559	1528	1574	359	2855	1510	3333
291645	928	999	836	654	536	623	1282	705	247	1123
246787	685	650	248	19700	760	298	619	660	246	955
290053	480	251	158	303	252	186	80	171	134	769
2715212	478	326	268	268	281	208	175	175	171	924
1796613	365	216	68	902	290	125	62	219	236	503
28113	337	164	124	129	338	66	18	37	74	602
28119	254	191	172	137	173	108	105	228	88	612
151276	90	98	73	64	46	31	174	184	15	114
821	69052	25194	10847	40565	2786	5909	13806	7139	22051	118912
387090	2483	1403	2742	1523	4093	748	3896	3099	855	11339
357276	2511	4300	1139	21893	31904	12395	1501	8547	33006	5126
376805	1122	579	346	553	1269	325	416	342	454	3210
823	10817	9322	1738	20398	6763	2316	2380	2898	5803	12982
46503	3638	1472	1362	736	1551	1000	196	213	610	2425
328812	454	434	156	1225	160	222	143	175	164	467
387661	371	126	67	730	3065	45	41	1555	2033	462
2685834	159	110	58	1426	99	135	233	78	72	362
1217282	125	93	60	164	88	85	339	136	50	248
2691580	324	58	568	14	44	397	129	501	16	39
2913621	313	106	525	22	82	429	34	573	11	145
2937774	301	129	627	20	54	676	215	697	9	91
712471	245	29	276	13	12	273	21	328	8	30
2913616	257	95	519	22	78	600	86	760	10	97
2913620	197	107	607	22	87	512	209	748	17	73
28131	1044	1305	779	66	117	634	3134	2981	42	117
28132	635	716	1890	96	761	2124	2106	3887	40	137
839	430	364	1257	16	213	1098	432	1264	26	177
2913614	366	166	872	21	121	1083	236	980	28	109
77095	351	416	901	40	403	1639	1544	2189	20	77
52227	349	226	774	27	727	813	292	1082	14	48
589436	323	82	585	66	53	432	133	746	41	128
28129	312	247	796	19	291	1026	401	2337	12	116
28133	363	83	362	33	149	299	240	474	11	61
1177574	248	427	1604	26	399	672	1511	2635	17	91
28125	195	547	597	13	392	673	228	1214	14	155
282402	213	27	582	6	23	448	11	595	12	44
28128	155	184	385	82	111	375	212	1690	5	113
2801997	129	131	353	8	149	970	150	792	9	57
470565	137	275	328	6	127	176	143	467	16	34
28137	104	60	256	23	26	468	159	842	11	40
589437	94	57	165	13	58	230	121	615	7	35
454154	2553	1160	2822	7078	7176	786	322	1010	1354	421
454155	780	318	216	1594	1375	176	31	1055	266	353
165179	1169	185154	211801	162	225548	153230	363692	208473	100	200
28127	608	960	691	55	95	568	2307	2325	10	177
76123	148	71	209	20	11	137	109	327	12	62
214856	1352	568	425	3457	2137	420	415	753	587	452
2585118	1028	422	578	1358	44	203	31	130	853	58
328814	752	2079	103	3052	13	384	6	68	625	63
2364787	472	2637	1432	500	101	921	4516	4240	115	82
328813	409	480	660	5682	92	79	21	59	3256	307
626932	168	443	1616	190	218	687	262	6939	59	40
2662363	156	83	32	277	34	40	11	32	76	67
538949	84	225	110	312	41	106	79	56	144	101
2585119	84	203	159	1100	561	35	4	21	251	48
28118	3187	1198	79	1857	639	107	131	575	1632	154
2093856	1004	184	115	1770	363	40	43	1610	220	83
544645	266	948	32	2691	34	129	42	95	592	175
2530390	150	47	126	303	42	74	25	147	24	148
1796646	105	45	44	684	23	18	50	59	10	75
2606626	108	51	368	47	39	151	389	585	25	13
2518971	99	29	82	125	62	54	4	91	14	106
397865	246	78	186	424	262	132	5	86	99	540
1099853	92	16	97	381	22	8	7	122	442	118
837	121	46	112	27	31	56	234	80	25	62
28124	32	2	21	4	10	9	11	31	3	31
712435	24	16	59	10	2	44	5	20	3	9
322095	19	18	21	294	27	56	32	65	7	32
1642646	162	107	17	68	80	21	59	226	23	139
1642647	42	27	29	18	26	9	4	17	12	73
185300	13	18	3	22	16	10	46	5	7	41
889453	5	9	10	9	6	5	18	4	4	25
1717717	6	15	15	9	6	4	15	51	5	13
3003260	178	148	146	175	150	158	144	157	159	156
1017	2	18	15	3	3	24	4	22	6	2
28251	17	8	7	7	8	16	18	6	7	10
1653831	9	12	5	5	14	14	11	5	9	7
2910158	342	333	373	334	336	347	329	337	336	347
2745947	5	10	32	3	16	3	31	18	3	15
1211326	2	4	19	3	15	4	43	25	7	4
1795355	13	16	7	8	57	11	15	40	2	11
2859768	6	27	48	5	10	44	50	12	10	32
390884	5	5	49	6	19	12	9	25	2	26
258	24	11	13	11	17	4	2	12	16	19
652787	12	12	6	8	7	8	26	4	4	24
2740462	9	7	8	4	7	19	13	9	2	2
2027860	26	57	19	13	30	36	82	26	17	20
1176721	7	13	10	2	3	11	24	9	4	21
1411316	4	8	9	8	26	36	4	17	5	29
995	7	4	4	2	6	6	20	2	4	3
2703787	11	13	6	5	6	13	19	15	10	8
354356	7	10	12	9	3	35	3	5	2	11
945844	287	287	282	290	266	278	269	273	292	291
2728021	220	235	237	222	231	224	223	219	233	234
29581	201	192	207	210	212	209	208	204	206	239
80842	69	76	68	69	67	74	64	62	72	60
80866	536	595	488	608	451	471	442	431	535	587
37448	31	38	33	31	32	33	38	36	30	38
34073	17	12	22	15	6	6	8	11	16	25
367825	422	424	389	421	379	399	394	390	415	436
82633	6	13	2	11	2	3	2	3	11	12
2494234	266	409	399	206	16	290	302	8	210	1746
1852381	53	90	69	26	3	55	46	3	44	175
1796652	4	11	13	209	2117	3	4	89	48	10
76731	270	286	286	291	275	281	286	277	273	298
215580	154	167	157	161	136	149	152	149	170	173
1296669	382	413	388	404	389	384	390	376	401	428
573	690	73	10151	129	61	1152	19254	2619	393	190
1463165	15	7	1179	28	11	68	219	79	22	30
244366	7	5	1816	65	4	19	90	71	18	7
562	110	91	4283	82	13344	11361	3067	1386	805	774
550	15	10	295	16	10	51	19	29	72	185
28901	8	20	88	20	36	175	46	24	66	3
582	8	13	11	4	11	16	4	6	11	12
465797	179	218	179	217	205	171	206	186	225	201
45610	80	71	72	77	76	78	70	74	76	79
303	39	59	12	63	11	34	96	24	48	7
294	24	7	15	6	6	10	2	5	26	14
316	5	17	14	19	5	14	4	22	22	7
729	214	67	634	8	79	669	1473	49	306	2363
83771	8	3	14	6	5295	11	11	18	25	6
2041385	554	570	533	558	538	544	520	530	558	546
290	161	172	166	168	165	169	162	162	169	169
1325095	106	111	113	119	107	115	106	110	128	119
151416	116	106	108	114	112	112	101	109	119	112
135719	199	208	181	218	163	203	161	177	226	174
901	684	56	10	86	83	7	4	55	1212	10
239935	99	403	80	32	28	97	31	54	515	23
197	48	272	61	50	152	150	4	110	172	51
