170651
38302
51101
2737050
160386
1191459
62322
1855617
513050
2984951
1768108
482462
59779
2984846
2695266
1333996
254955
2826993
56453
2971236
512763
754409
3019889
1510150
1848900
46234
2590020
762210
2856519
2979869
722731
1778540
2665156
2596911
14
2767188
446683
2141
2953890
1295392
576131
3028316
2017485
1387555
84378
2994555
2735434
314281
274537
2932257
1636609
53358
1136941
134821
438
1245526
488446
1118379
863643
264697
2849501
2885633
2981135
28227
273384
441209
995
252967
2742136
1738770
107327
117157
2979461
2675877
2878202
1571470
