120107
2599297
2840468
2872652
1541170
2997354
121428
1327635
1612173
2676077
2898433
2949093
155892
2903960
397260
88688
1517551
1609977
1813879
2989821
3018446
2991074
1560345
1874061
2972485
3014784
2950605
3019553
653931
2937788
304378
391953
2714952
2735134
3012344
399176
745310
1850238
1938607
135719
2681549
1355477
2871493
451876
93064
985
1813468
2653203
69665
1523415
33051
358
373672
2716225
2762748
2918765
2890321
1390395
2711215
2745509
33050
2596913
33934
2759526
2899123
2571749
48935
160791
2082188
2877941
2991075
2565555
358220
450378
28214
529
1315974
158500
2968500
627192
405041
1332080
1517554
225991
267128
164608
2698679
3038927
36863
3016636
384
2053287
34073
1592790
2202825
424800
1658665
17
244734
292913
335406
53451
563996
285
13690
188770
2741720
2996051
410
2930091
223967
76759
2838877
2733867
76947
921
185951
332055
2929798
756892
78587
316
67381
2051553
1535304
2070761
2937787
296544
33052
648995
101564
376175
2303332
2202828
255045
1549858
2057741
2830667
2970925
426117
520734
941907
2014534
2884220
2896849
2987521
300
206662
2782013
2911367
1286
1961362
3018036
565560
128785
2841662
47885
2782004
1218177
1892855
2054227
2789327
68895
13689
408
33011
1176536
1357916
1855519
2072936
2319844
2698828
2711156
2764186
2933562
2955313
2992441
479978
2984843
114616
511
1789
2853158
294
2725684
1764
2753607
2978473
484429
270351
2692235
152682
82995
29388
293
95486
198467
2478662
3024245
489632
925818
1030157
1144307
1707785
1866325
192812
2010972
205844
2070347
2071607
2565556
2782665
2804617
2813778
2872646
2995143
3019932
407020
69362
739141
1225337
2518343
346
960
40216
3038924
56
1176649
1679497
1827469
1843368
2025349
284016
2878542
2961893
47850
863372
303
1076
1552759
1775910
1833
1914525
2979467
47878
1016987
1042
1045317
1047172
1069221
1079
1081866
1112
115808
117207
1176646
1223566
1225769
1226968
1229164
1250539
1267766
1274631
1325090
1325102
1325112
1325114
1325115
1348774
1364945
1389020
1404411
1404888
1461694
1484109
151416
1532023
1544730
1549949
1550728
1550733
1564506
1582356
1609758
1609966
1637853
1661694
1666906
1675686
169176
1697043
1701758
1703338
1703340
171437
1725411
173480
1746199
1763828
1788
1798193
1804986
1806885
1812480
1823
1842535
1868589
187137
1881061
1891671
1896196
1904616
1909299
1913979
1938841
1967
1969806
1977088
1982042
1983755
2003315
2011159
2023229
2024580
2026624
2033869
2049881
2055889
2055955
2066
2072505
2108470
211114
2153485
2182384
2202148
225971
227318
2303331
231455
2480810
2488560
2493670
2497325
2502843
2507582
252970
2547601
2584094
2587851
2594473
2599819
2604537
263913
2653850
2654282
266951
2675225
2681983
2683591
2684468
2709302
2714937
2714942
2714943
2714944
2721246
2723402
2724527
2726189
2736875
2739057
2742602
2745196
2745498
2759707
2768066
2768068
2768069
2771430
2778070
2779361
278153
2782568
2785907
2798724
2800818
2806553
2829500
2835787
284035
2843330
285091
2854260
285665
2857059
2862331
2865837
2867231
2867236
2867238
2878152
2878153
2880932
2898793
2909249
2911495
2913412
2928472
2929802
2931983
2935861
29429
2942996
2956834
2969247
2976823
2979461
2984338
2985506
3003265
3004092
3015149
3015163
3015166
3016000
3025315
3032592
3038773
3039158
3041765
312306
320497
323415
338584
33888
33903
33996
340268
34071
35806
37927
38300
38310
390989
392610
39960
418699
426
42684
442
447588
453783
453842
48
480035
488731
543877
553982
56453
56459
569860
59405
62320
648999
652764
67305
68200
692370
702113
710705
715473
76885
83637
871203
89053
920
935199
615
269660
70346
1479019
108981
1476754
1710
2545797
2103230
2202827
223390
2482763
253237
2698673
28450
314722
344163
375
639200
1292
287
161879
82633
80878
106592
2202826
292
319706
380021
573
1312364
2493633
301
445576
457921
47883
2603276
1290
37923
103733
103855
1061
114615
117157
1179675
1219491
1225128
1274359
1325111
134
1391654
1396826
1402135
1482074
1483604
1486262
1494466
1522758
152480
1526658
1571470
158822
1608957
161493
1616117
1634516
1648404
1658671
169430
1702325
1772
1777866
1789672
1792307
179879
1817965
1829
1848900
1849967
1850374
1852022
1859
1862145
1866
1867
1877
1892
1896961
1906
1911
1914541
1917485
1938605
1940610
1949083
1950
1969821
1981173
1993
2005884
2020312
2020313
2020412
2041385
2045208
2060312
2066070
2072590
2078691
2082386
2082949
208439
212765
2136401
217204
218821
2219224
2233851
228602
2338327
240495
2419844
2486272
2486273
2493668
2493672
2493676
2493678
2509614
2527989
2528642
2547399
2565554
2570229
2589888
2591108
2593653
2598579
2599600
2602016
2613770
2651334
2653853
2653857
2654982
266062
2683284
2684469
2692330
2697032
2708539
2717324
2728827
2731112
2735133
2739433
2742128
2742131
2742145
2744517
2748629
2750812
2758041
2762729
2774875
2775403
2781735
2782678
2789216
2792008
2797636
2802641
2807096
28077
2811423
2811789
2819978
2819994
2819999
282217
2826993
2836373
2842453
28448
2849093
2852099
2860336
2865832
2865833
2865838
2867012
2867410
2878545
2884263
2895796
2907154
2909673
2911537
2918170
2927875
2932244
2932773
29449
2951806
2952477
2976533
2976824
2978974
298654
2986923
2986949
2991972
2994496
2995166
2995304
3015151
3015161
3015996
3025670
3040509
3048007
3049772
3050069
310581
311230
321983
323284
353
35754
359
364410
36822
37326
37329
376
381
386874
396
404589
42197
43
430679
436515
43767
439387
44255
444444
463025
46679
475937
47857
47858
47872
488447
515361
518
52
528244
53359
53362
551760
553510
60920
624315
65656
659012
662548
67304
675281
680248
68270
686597
69666
709810
710111
71433
715471
715472
715475
743009
74313
75105
758802
80816
84757
85693
871742
92647
93944
94
180282
588932
1767
1888
2014
2018067
2813779
2933290
399736
858423
31998
1842539
101571
103731
106590
110321
1141883
1208324
1325724
1349819
1353891
135487
1404864
1436133
146017
1515612
1750527
1771
1842727
1850250
1882747
1894999
1909395
192
1921510
196914
1971
1985254
2015316
2026199
2061
207745
2082387
215580
2282397
2483401
2483798
2567896
2579971
2587597
2599640
2608999
266
2709380
2728020
2735528
2740529
2742135
2742137
2774190
2780074
2789776
2795690
2807101
28099
2812560
2820278
2823693
2840469
2872154
2878388
288000
2898431
2906072
2914710
2917724
2938232
2949664
29581
2969621
2970906
2986928
304895
32002
331696
336203
337
33918
34029
363835
36809
370622
37331
374606
37919
382
39645
442121
46680
47989
524884
56458
56730
593909
7
75588
83656
864828
931866
946334
418223
587753
2056231
2219225
28447
34087
39687
54571
1028989
1069
1071679
1075
1077946
108010
1085
1176533
1179673
1197460
1226757
1267768
129921
1320552
1325107
1334193
1356852
1413221
1437453
1503055
1526572
1542730
1546107
157592
159346
1639348
1670830
1690221
1784
1793
1814
1821625
182640
1837283
1841249
1858653
1897060
1911175
1930622
1943633
1972846
198107
199596
2003551
2029849
2041
2048283
2057
2077182
2094021
2175641
2175645
2184083
2201350
2201999
2220095
2220096
2259335
227605
2282475
2282738
2290922
2294034
234612
2419774
2483402
2493671
249586
2498704
2500533
251701
252514
2541726
2558931
2566013
2567884
2571746
258505
2585716
2590772
2592817
2599401
2601898
2605946
2609253
2613965
261654
2663859
2672569
2675099
2675523
2697569
2704467
2705012
2708082
2709303
2718876
2721244
2724914
2729175
2733488
2742603
2748098
2752515
2756133
2759943
2773308
2781022
2781962
2789856
279113
2797167
2801030
280333
2811415
2820808
2821406
28223
2823875
2829501
283811
283878
2847045
285450
2856823
2859001
2861284
2861782
2867005
2867233
2874628
2885079
2895483
2904790
2907545
2911539
2918171
2919322
2932245
2932247
2939415
2949637
2961596
2961598
2962597
2968084
2969308
2981134
2981136
2982531
2982694
2995145
2995223
2999062
300028
3002436
3004093
3017782
3018339
3028710
3031124
3032283
3032579
3039153
3039384
3039801
3040935
3049799
3059027
319947
323450
33899
33940
33941
34004
34018
348043
351604
356851
361183
362257
36873
370526
388459
391613
392734
393765
394733
409
412690
414
434014
44010
444103
445710
467976
47865
482957
488446
496056
506591
515350
517719
53376
53412
540747
561184
564137
56460
582702
590652
62140
645517
655015
659350
670052
67287
67385
67825
682998
69395
701042
75293
75697
81475
83263
84531
94624
993502
99653
2708348
1034889
121719
1286180
1406
1437009
1593482
1641402
1708
172043
1745854
1882682
1912
1945662
2171623
217203
2528964
265546
2768162
2802971
296591
3015177
3037797
319939
321846
343
37921
399
46429
47763
504468
51671
56438
674703
722472
76731
84292
861299
946333
305
94132
106649
126673
128780
131568
1437360
164546
179636
1824
1836
1867715
204525
2184519
237610
2518370
2560058
28151
2884022
2897332
2931390
2938948
2964606
3021811
34002
34007
352475
380
60550
69
80867
83451
879274
40324
41276
82380
85698
2702
83655
104087
1076124
1108595
117567
1223565
1232667
1235591
1325120
1333528
1333996
1335043
1368430
1387353
1389713
140098
1401995
1428684
1488356
151783
158892
1670800
1798224
1800
1805827
1830
1842536
184914
1855912
186189
1870862
1894
1906274
1927
193462
196024
1969
200451
2018025
2065379
2072405
215813
2169400
2185111
2202249
221822
2268461
240521
2478464
2490851
2493673
2493675
2527974
2561924
2571115
2571747
2583231
2583532
2584466
2589976
2609257
2654248
2704468
2715959
2719023
2720714
2725477
2731096
2732067
2736757
2744474
2744516
2774151
2775404
2777475
2782654
2782659
279058
280236
2806210
28104
2813578
283686
2840474
2926709
2949090
2976822
2981135
2986922
3003351
3015152
3016006
3019544
3025782
3028709
3028735
3030210
3031917
3039386
3042299
3049070
3052846
311180
33069
33900
339268
34
34003
370764
404386
40988
415229
416169
419479
449461
455432
53360
56689
656
658644
66425
666685
66871
717785
76115
76259
80869
83627
858422
904291
912
1063
2048898
216778
273677
2760089
28068
28095
2897334
470934
927083
2871169
45972
158836
39956
2792979
2035
2067415
2774189
2792978
477641
80866
29379
339
334852
1176198
1183401
1198456
122358
1263728
1323731
1335061
1405
1795
1855352
1871048
1920
2027405
2175646
2565368
2589074
2591145
2606451
2705472
2712222
2744523
2775420
2782166
2792224
29448
2992140
2995141
3009077
3015154
3044187
3056648
375549
419476
47886
538381
55508
649831
665913
700274
73044
93220
1535208
2074
2849501
435897
2861285
38304
1179670
155077
42239
2894310
2018065
2045
2712223
2816454
82135
84096
2219696
648
1077935
111015
1263550
1285901
138336
1498
160699
1774
1774216
2560053
2579977
2725558
2735554
2743470
2898796
2933797
659352
82541
86185
