1813879
2871493
135719
2991075
33051
3014784
1390395
1517554
1560345
2898433
1517551
1874061
2676077
3018446
120107
2653203
2890321
69665
2853158
2899123
93064
2972485
3012344
451876
2937788
1327635
2782004
1813468
2596913
1612173
188770
2840468
399176
160791
3016636
1850238
82995
155892
653931
67381
1609977
2545797
2997354
2745509
2716225
2989821
424800
1523415
2996051
28214
2082188
2762748
78587
1315974
1549858
1961362
2482763
2565554
2979467
2949093
3019553
2018067
745310
565560
304378
397260
121428
2991074
2714952
117207
1592790
1798193
1843368
1866325
2026624
2319844
2547601
2711156
2771430
2835787
2930091
2937787
296544
33052
2681549
376175
13689
185951
206662
2759526
28068
2599297
2780074
46429
2565555
1842539
2911367
1016987
1348774
1476754
1515612
2054227
2675225
2698673
2698679
2764186
2804617
2911495
3038927
484429
941907
1541170
1938607
2970925
2053287
2692235
48935
284016
2903960
2929798
2950605
1030157
1914525
2003315
2071607
2072936
2486273
2711215
2830667
2872652
2918765
2976533
332055
407020
520734
2725684
301
33050
1176536
1176646
1550728
169176
1763828
1940610
2023229
2025349
2594473
2714942
2714944
2782568
2862331
2907154
386874
692370
267128
2782013
3018036
1357916
1634516
2060312
2565556
2896849
363835
489632
627192
108981
1042
1703340
2282397
263913
2829500
3025670
3032592
300
101564
1144307
164608
1855519
2735134
2942996
76947
358220
88688
563996
2877941
336203
450378
1609758
2202826
53451
1045317
1582356
1982042
2338327
2709380
2795690
2798724
2933562
2938232
2219696
1882682
1892855
2878545
1225337
1229164
1267766
1325114
1338689
17
1745854
193
2055955
2587851
2603277
2854260
543877
2708348
1332080
1658665
2789327
504468
858423
2202828
1679497
2714943
2878542
391953
2303332
158500
2571749
2968500
1528099
114616
171437
2010972
2733867
2762729
3024245
1806885
1842535
1850374
1882747
1909299
2202148
2724527
1921510
192812
2653850
408
2897334
2970906
310581
861299
1286180
1615674
2067415
2698828
2708539
2823693
2909673
292913
39960
529
293
33934
115808
1218177
1437009
1894999
2057741
2502843
2884263
921
925818
739141
269660
2726189
28077
418223
1979527
2872646
2938948
13690
1325100
1325120
2011159
2590772
2740529
2840469
2979461
3025315
405041
680248
161879
756892
2202827
2584466
2602016
3015177
205844
863372
2051553
255045
152682
33011
2987521
382
80878
1842533
2745514
2810535
1593482
1868589
2978473
47878
223967
2894310
1112
114615
1353889
1532023
179879
2041385
2077182
2651334
2735528
2739433
2773709
2867012
2984338
3003265
3049772
7
72557
257708
70346
1775910
410
488447
82633
445710
76761
31998
2070761
2775420
335406
39956
1550733
2906072
3017361
204525
375
117567
1176649
1521768
152480
187137
2570229
2898431
2969621
3056648
331696
340268
34070
515361
648995
1312364
47883
1707785
2728021
2782641
2903901
2933797
3039386
319939
74329
1076
101571
1046043
110322
1129264
113653
1179675
1200300
1263979
1274631
1295609
133453
1335757
133924
1349410
1389004
1390132
1404411
1415568
1508419
1577685
1586232
164451
167964
1736226
1798205
1798806
1921087
1980961
199596
2015348
2016361
2033032
2054902
2104
2107
2223
244596
2493676
2546350
2560680
2584094
2587842
2589903
2592815
262324
2652443
265606
2675785
2691913
2741499
2744516
2745503
2749040
2751177
2751313
2789857
2792015
2795687
2807512
2820808
28258
2856556
2864207
2867020
2867233
2878680
2938695
293958
2940301
2954019
2955313
2955757
2955859
2955928
2956437
2956680
2962671
2973088
2976680
2993314
3020907
3032283
3033392
3034023
338644
33996
353800
358766
413889
436515
463024
475088
487184
524
56956
64471
645517
661191
683737
768528
83263
867076
948107
2838877
200451
2049881
2976824
34029
502682
593909
864828
1938605
2072590
2478662
2995154
2997333
244734
36863
477641
47880
1789
69
1296669
1552759
163202
2202825
82541
879274
1736675
2182384
2548456
2741720
2774875
2877940
3019544
94
1641402
134537
1532555
401472
1871086
38284
1005039
1050
1069221
1079
114529
1183413
1188228
120962
1262452
1364945
1404367
1442554
1563703
1603606
1618022
1637869
1715989
173480
1862145
1896196
1898684
1921086
2029986
2072409
2127060
2247
225148
2259620
2483404
2501295
2509662
2527989
2528022
2589888
2594003
2675773
2692233
2731096
2731112
2740807
2741953
2742129
2743772
2744519
2744521
2748863
2749906
2778082
2782662
2782678
2784880
2785908
2795293
280
2800818
2806210
282217
2830842
2834459
2841257
2842349
2849093
2861782
2871174
2899122
2904243
2907159
2909249
2912855
2949307
2949993
2953748
2953749
2973512
2995166
3029084
3034026
3039158
3041497
3058420
3059027
316279
33943
392610
39645
430679
454601
47466
475937
47884
479978
545
69395
86170
863
920
93973
940
943830
1437360
41276
2812560
2884022
2932773
1368430
1522758
2175650
2175666
253237
2571748
2609252
2609257
2841662
2884832
2986949
2991972
3015151
35806
390989
83637
34071
1355477
358
374432
1286
103733
1861
314722
319706
33069
33900
60552
1702325
223390
2583822
2589790
2789216
2807101
288000
321985
496014
709810
435897
3038924
566027
2707174
1077946
1198456
1203471
1309411
1335061
134536
1357074
1445505
147206
1494466
152260
1529068
1566351
1573711
1628392
1670800
1756988
179637
189425
1940621
1965282
200452
2039234
2108445
2108470
2126069
2183911
2201350
2208
2493672
2494374
2506430
2518994
2528024
2576891
2576932
2582913
2587846
2601894
2607753
2609809
2654218
2675523
2678258
2682487
2733488
2735433
2735434
2796143
2801335
2822368
2825844
2834406
2842357
2853257
2864212
2866808
2875706
2923366
2944234
2949995
2953750
2956823
2956834
2961893
2966453
2968086
2982691
2995174
3015149
3015156
3019968
3031126
3038925
3040943
33008
34018
341027
356851
374981
398694
416169
44255
44930
465721
569860
582702
641491
65958
665007
68239
69666
84159
858422
933080
2528964
945844
138336
1483604
3030011
1920667
1945662
2565368
266
2759707
2768068
2918171
2931983
3021811
334852
128785
702113
61645
1812480
74313
216778
2861282
56458
1108595
1484109
1639348
1842727
2020412
2483402
2797636
65741
1833
380
76759
368607
80816
1836
119219
119864
1209493
1211322
1274359
1473598
1477518
1482074
1636152
1735038
1749259
1763535
1797
1808001
1891094
191390
1969806
1977865
2023772
2026199
220687
227605
2493633
249567
2527983
2528010
2572923
2587847
2591633
267363
2674991
2675524
2681310
2699430
2705472
2708301
2708352
2725560
2740185
2744520
2763010
2777983
2779671
2785785
2806346
2809708
2812648
2822842
2865112
2866626
2867010
2878153
2892996
290400
293089
2934937
2942275
2943192
2951988
2956824
2982694
3015996
3036127
3039159
3040935
3057115
31958
324057
33871
351052
364410
395922
398
412963
420402
42253
434014
44010
47872
47875
54911
563
56689
638849
66821
69218
698828
75588
75906
876364
940615
95485
95486
156976
1859
2742137
2768066
2802971
2826993
29379
2970464
60550
225991
80866
